         382           4           3
Mon Jul 11 15:41:34 2005
classA_62.fits
    lambda (um)    Flux (Jy)   Sigma (Jy)    AOT ident.
      5.90085    0.0722540     0.904586      0.00000
      5.90270    0.0862385     0.781970      0.00000
      5.90454     0.112223     0.618077      0.00000
      5.90639    0.0886740     0.411854      0.00000
      5.90823    0.0592624     0.997200      0.00000
      5.91008    0.0388750      1.01308      0.00000
      5.91193    0.0420184     0.467154      0.00000
      5.91377    0.0398959     0.657639      0.00000
      5.91562  0.000285857     0.546355      0.00000
      5.91747   -0.0188416     0.548981      0.00000
      5.91932   -0.0121825     0.571465      0.00000
      5.92117   0.00310672     0.298007      0.00000
      5.92302    0.0181361     0.297026      0.00000
      5.92487    0.0106581     0.363524      0.00000
      5.92672  -0.00486731     0.651041      0.00000
      5.92858  0.000532545     0.714404      0.00000
      5.93043    0.0192452     0.460739      0.00000
      5.93228    0.0353952     0.464252      0.00000
      5.93414    0.0234106     0.738426      0.00000
      5.93599  -0.00881863     0.555916      0.00000
      5.93785   -0.0166695     0.431088      0.00000
      5.93970   -0.0112513     0.855318      0.00000
      5.94156   -0.0101925     0.694243      0.00000
      5.94342  -0.00998941     0.505413      0.00000
      5.94527   0.00400159     0.775131      0.00000
      5.94713    0.0212458     0.725776      0.00000
      5.94899    0.0249797     0.670657      0.00000
      5.95085    0.0100395     0.533298      0.00000
      5.95271    0.0129478     0.673567      0.00000
      5.95457    0.0279087     0.809827      0.00000
      5.95643    0.0408499     0.475587      0.00000
      5.95829    0.0303327     0.728112      0.00000
      5.96016    0.0255238     0.969913      0.00000
      5.96202    0.0469036     0.824480      0.00000
      5.96388    0.0664838     0.794083      0.00000
      5.96575    0.0556760     0.577314      0.00000
      5.96761   0.00792088     0.473617      0.00000
      5.96948  -0.00582790     0.209733      0.00000
      5.97134   0.00623571     0.890220      0.00000
      5.97321    0.0220501     0.883773      0.00000
      5.97508    0.0305932     0.682980      0.00000
      5.97694    0.0258831     0.827474      0.00000
      5.97881    0.0299407     0.928686      0.00000
      5.98068    0.0386620     0.495979      0.00000
      5.98255    0.0601889     0.682601      0.00000
      5.98442    0.0849565     0.800059      0.00000
      5.98629    0.0888253     0.385970      0.00000
      5.98816    0.0827751     0.514742      0.00000
      5.99003    0.0863291     0.524372      0.00000
      5.99190    0.0851704     0.465172      0.00000
      5.99378    0.0839124     0.783609      0.00000
      5.99565    0.0712594     0.742286      0.00000
      5.99752    0.0854211      1.13975      0.00000
      5.99940    0.0822929      1.62833      0.00000
      6.00127    0.0804213     0.792096      0.00000
      6.00315    0.0561171     0.430664      0.00000
      6.00503    0.0678590     0.516640      0.00000
      6.00690    0.0918786     0.601353      0.00000
      6.00878     0.111621     0.402878      0.00000
      6.01066     0.117755     0.511200      0.00000
      6.01254    0.0956275     0.558357      0.00000
      6.01442    0.0786888     0.696420      0.00000
      6.01630    0.0737790     0.561955      0.00000
      6.01818    0.0808028     0.416055      0.00000
      6.02006    0.0886435     0.340554      0.00000
      6.02194    0.0702306     0.744075      0.00000
      6.02382    0.0671441     0.928564      0.00000
      6.02570    0.0727919     0.551513      0.00000
      6.02759     0.101373     0.415594      0.00000
      6.02947     0.109889     0.561163      0.00000
      6.03136    0.0896002     0.718820      0.00000
      6.03324    0.0675148     0.435128      0.00000
      6.03513    0.0665198     0.636278      0.00000
      6.03701     0.103634     0.870109      0.00000
      6.03890     0.123471     0.959489      0.00000
      6.04079     0.122814     0.640891      0.00000
      6.04268    0.0997167     0.523711      0.00000
      6.04456    0.0799258     0.474695      0.00000
      6.04645    0.0885930     0.399734      0.00000
      6.04834    0.0928311     0.590594      0.00000
      6.05023    0.0722805     0.762788      0.00000
      6.05212    0.0332661     0.632521      0.00000
      6.05402    0.0238809      1.04161      0.00000
      6.05591    0.0524851     0.686578      0.00000
      6.05780    0.0732631     0.650236      0.00000
      6.05969    0.0681052     0.546453      0.00000
      6.06159    0.0477743     0.412773      0.00000
      6.06348    0.0481392     0.588213      0.00000
      6.06538    0.0635421     0.795255      0.00000
      6.06727    0.0977362      1.08556      0.00000
      6.06917     0.102888      1.56239      0.00000
      6.07107    0.0742700      1.08995      0.00000
      6.07296    0.0337505     0.539189      0.00000
      6.07486    0.0253643     0.531590      0.00000
      6.07676    0.0446968     0.447080      0.00000
      6.07866    0.0475996     0.599415      0.00000
      6.08056    0.0481384     0.668666      0.00000
      6.08246    0.0580232     0.735755      0.00000
      6.08436    0.0640269     0.592674      0.00000
      6.08626    0.0528444     0.596499      0.00000
      6.08817    0.0474634     0.565942      0.00000
      6.09007    0.0549627     0.583264      0.00000
      6.09197    0.0428368     0.835252      0.00000
      6.09388    0.0246360     0.812474      0.00000
      6.09578    0.0429586     0.844496      0.00000
      6.09769    0.0536629     0.842014      0.00000
      6.09959    0.0519821     0.586918      0.00000
      6.10150    0.0311574     0.633832      0.00000
      6.10340    0.0527952     0.721656      0.00000
      6.10531    0.0742248     0.847230      0.00000
      6.10722    0.0967668     0.820107      0.00000
      6.10913     0.113136     0.719917      0.00000
      6.11104     0.129595     0.489695      0.00000
      6.11295     0.119172     0.666387      0.00000
      6.11486    0.0848183     0.760625      0.00000
      6.11677    0.0647112     0.813912      0.00000
      6.11868    0.0661131      1.09516      0.00000
      6.12059    0.0710112     0.918831      0.00000
      6.12251    0.0726204     0.665374      0.00000
      6.12442    0.0786108     0.546791      0.00000
      6.12634     0.105462     0.495660      0.00000
      6.12825     0.139010     0.638174      0.00000
      6.13017     0.174128     0.633775      0.00000
      6.13208     0.194258     0.699229      0.00000
      6.13400     0.181174     0.840177      0.00000
      6.13592     0.171176     0.728421      0.00000
      6.13783     0.166868     0.928367      0.00000
      6.13975     0.184428     0.700165      0.00000
      6.14167     0.218941     0.793601      0.00000
      6.14359     0.259274      1.15377      0.00000
      6.14551     0.277069     0.798035      0.00000
      6.14743     0.265289     0.823099      0.00000
      6.14935     0.284309      1.00288      0.00000
      6.15127     0.334296     0.847983      0.00000
      6.15320     0.353074     0.763798      0.00000
      6.15512     0.328415     0.760465      0.00000
      6.15704     0.316292     0.758449      0.00000
      6.15897     0.355324     0.705057      0.00000
      6.16089     0.418923     0.868384      0.00000
      6.16282     0.468363     0.895931      0.00000
      6.16475     0.528790     0.676281      0.00000
      6.16667     0.564388     0.768386      0.00000
      6.16860     0.574998     0.751377      0.00000
      6.17053     0.560411     0.767786      0.00000
      6.17246     0.570047     0.881435      0.00000
      6.17439     0.614516     0.723362      0.00000
      6.17631     0.672082      1.03752      0.00000
      6.17825     0.701437      1.21370      0.00000
      6.18018     0.704561      1.04651      0.00000
      6.18211     0.693457      1.16070      0.00000
      6.18404     0.704622      1.12415      0.00000
      6.18597     0.729297      1.01591      0.00000
      6.18791     0.768574      1.63055      0.00000
      6.18984     0.787581      1.23424      0.00000
      6.19177     0.817669     0.778171      0.00000
      6.19371     0.842119     0.846030      0.00000
      6.19565     0.878887     0.877323      0.00000
      6.19758     0.888676      1.05747      0.00000
      6.19952     0.898523     0.954266      0.00000
      6.20146     0.897798      1.24272      0.00000
      6.20340     0.889751      1.29101      0.00000
      6.20533     0.864249     0.970860      0.00000
      6.20727     0.858687      1.02256      0.00000
      6.20921     0.906176     0.754360      0.00000
      6.21115     0.946088      1.38377      0.00000
      6.21310     0.957846      1.60104      0.00000
      6.21504     0.958542     0.799291      0.00000
      6.21698     0.970280     0.923712      0.00000
      6.21892      1.00000     0.847026      0.00000
      6.22087     0.994549     0.897091      0.00000
      6.22281     0.952478     0.870175      0.00000
      6.22476     0.900045     0.442628      0.00000
      6.22670     0.848991     0.612383      0.00000
      6.22865     0.827445     0.763885      0.00000
      6.23059     0.791592     0.741637      0.00000
      6.23254     0.764477     0.967364      0.00000
      6.23449     0.786067      1.17572      0.00000
      6.23644     0.802821      1.14815      0.00000
      6.23839     0.808278     0.996424      0.00000
      6.24034     0.753103     0.873169      0.00000
      6.24229     0.721684      1.18993      0.00000
      6.24424     0.720123     0.921092      0.00000
      6.24619     0.717432     0.908731      0.00000
      6.24814     0.712129     0.872380      0.00000
      6.25010     0.702891     0.727166      0.00000
      6.25205     0.726700     0.952321      0.00000
      6.25400     0.720126     0.796312      0.00000
      6.25596     0.717389     0.701007      0.00000
      6.25791     0.696252     0.917778      0.00000
      6.25987     0.723182     0.987694      0.00000
      6.26183     0.697837     0.988116      0.00000
      6.26378     0.647591     0.835119      0.00000
      6.26574     0.599028     0.432624      0.00000
      6.26770     0.598618     0.989762      0.00000
      6.26966     0.639531      1.03497      0.00000
      6.27162     0.639867     0.953731      0.00000
      6.27358     0.597366     0.923041      0.00000
      6.27554     0.551582     0.551078      0.00000
      6.27750     0.527502     0.698267      0.00000
      6.27946     0.525378     0.713125      0.00000
      6.28142     0.507979     0.840021      0.00000
      6.28339     0.525340     0.877225      0.00000
      6.28535     0.546441     0.757630      0.00000
      6.28732     0.559113     0.856667      0.00000
      6.28928     0.515586     0.948537      0.00000
      6.29125     0.472138     0.927953      0.00000
      6.29321     0.448909     0.947211      0.00000
      6.29518     0.452125      1.01194      0.00000
      6.29715     0.426325      1.01195      0.00000
      6.29912     0.380426     0.801228      0.00000
      6.30108     0.349661     0.796859      0.00000
      6.30305     0.368935     0.911949      0.00000
      6.30502     0.392853     0.690662      0.00000
      6.30699     0.396733     0.811013      0.00000
      6.30897     0.370742     0.660977      0.00000
      6.31094     0.351477     0.664571      0.00000
      6.31291     0.365652     0.942611      0.00000
      6.31488     0.380525     0.674511      0.00000
      6.31686     0.381717     0.765675      0.00000
      6.31883     0.351446     0.520872      0.00000
      6.32081     0.349947     0.562253      0.00000
      6.32278     0.333471     0.830411      0.00000
      6.32476     0.331115      1.04120      0.00000
      6.32674     0.314546      1.39589      0.00000
      6.32871     0.327448     0.704016      0.00000
      6.33069     0.339390     0.830838      0.00000
      6.33267     0.345188     0.898058      0.00000
      6.33465     0.375468      1.23478      0.00000
      6.33663     0.366550      1.51621      0.00000
      6.33861     0.363961     0.950038      0.00000
      6.34059     0.321139      1.11576      0.00000
      6.34257     0.295113      1.05248      0.00000
      6.34455     0.291062     0.885424      0.00000
      6.34654     0.312332      1.04720      0.00000
      6.34852     0.332580     0.771567      0.00000
      6.35050     0.315556     0.787518      0.00000
      6.35249     0.295895     0.779702      0.00000
      6.35448     0.267130     0.911322      0.00000
      6.35646     0.247293     0.949959      0.00000
      6.35845     0.240134     0.827285      0.00000
      6.36044     0.230387      1.03396      0.00000
      6.36242     0.225296     0.970232      0.00000
      6.36441     0.209234     0.768893      0.00000
      6.36640     0.224343     0.764504      0.00000
      6.36839     0.248785     0.540774      0.00000
      6.37038     0.251338     0.647621      0.00000
      6.37237     0.237722     0.954895      0.00000
      6.37436     0.216519     0.806893      0.00000
      6.37636     0.174141      1.20906      0.00000
      6.37835     0.171323     0.772555      0.00000
      6.38034     0.192237     0.803583      0.00000
      6.38234     0.231576     0.676085      0.00000
      6.38433     0.237207     0.643709      0.00000
      6.38633     0.197922     0.545687      0.00000
      6.38832     0.161139     0.582859      0.00000
      6.39032     0.130328     0.532738      0.00000
      6.39232     0.138066     0.546584      0.00000
      6.39431     0.161647     0.541913      0.00000
      6.39631     0.170318     0.602703      0.00000
      6.39831     0.156511     0.604050      0.00000
      6.40031     0.153375     0.596163      0.00000
      6.40231     0.169226     0.567334      0.00000
      6.40431     0.171217     0.404606      0.00000
      6.40632     0.151062     0.511581      0.00000
      6.40832     0.140175     0.567813      0.00000
      6.41032     0.141874     0.542586      0.00000
      6.41232     0.155735     0.616138      0.00000
      6.41433     0.144486     0.691579      0.00000
      6.41633     0.145371     0.486019      0.00000
      6.41834     0.142200     0.393826      0.00000
      6.42034     0.139074     0.454915      0.00000
      6.42235     0.140104     0.305516      0.00000
      6.42436     0.131080     0.495302      0.00000
      6.42637     0.128063     0.790663      0.00000
      6.42838     0.147063     0.672781      0.00000
      6.43038     0.154478     0.802820      0.00000
      6.43239     0.140029     0.629486      0.00000
      6.43440    0.0900384     0.691932      0.00000
      6.43642    0.0758002      1.03989      0.00000
      6.43843    0.0912412     0.872536      0.00000
      6.44044    0.0907327     0.790000      0.00000
      6.44245    0.0894487     0.474165      0.00000
      6.44447    0.0839689     0.635661      0.00000
      6.44648     0.104986     0.681637      0.00000
      6.44850     0.127222     0.704404      0.00000
      6.45051     0.136991     0.519404      0.00000
      6.45253     0.108711     0.692321      0.00000
      6.45454    0.0798881     0.517809      0.00000
      6.45656    0.0617503     0.390270      0.00000
      6.45858    0.0836705     0.295557      0.00000
      6.46060    0.0850004     0.754683      0.00000
      6.46262    0.0797365     0.733619      0.00000
      6.46464    0.0584082     0.590799      0.00000
      6.46666    0.0604912     0.619430      0.00000
      6.46868    0.0845628     0.452729      0.00000
      6.47070     0.101591     0.588925      0.00000
      6.47272     0.104336     0.845979      0.00000
      6.47475    0.0853346     0.741507      0.00000
      6.47677    0.0464200     0.578982      0.00000
      6.47879   0.00945175     0.645249      0.00000
      6.48082   -0.0126437     0.841701      0.00000
      6.48284   0.00614470     0.709648      0.00000
      6.48487    0.0369684     0.767971      0.00000
      6.48690    0.0633505     0.408294      0.00000
      6.48892    0.0583524     0.410161      0.00000
      6.49095    0.0344198     0.686063      0.00000
      6.49298    0.0178892     0.456878      0.00000
      6.49501    0.0197643     0.364569      0.00000
      6.49704   0.00770643     0.611493      0.00000
      6.49907   0.00200472     0.512071      0.00000
      6.50110    0.0119531     0.928800      0.00000
      6.50313    0.0422401     0.702447      0.00000
      6.50517    0.0646817     0.541998      0.00000
      6.50720    0.0714526     0.377838      0.00000
      6.50923    0.0760226     0.556136      0.00000
      6.51127    0.0670581     0.772409      0.00000
      6.51330    0.0646987     0.716669      0.00000
      6.51534    0.0497011     0.811284      0.00000
      6.51738    0.0575896      1.04337      0.00000
      6.51941    0.0905334      1.18106      0.00000
      6.52145     0.154869      1.37977      0.00000
      6.52349     0.180885      1.71526      0.00000
      6.52553     0.140323      1.50576      0.00000
      6.52757    0.0985613      1.25633      0.00000
      6.52961    0.0715149      1.11954      0.00000
      6.53165    0.0821026     0.397195      0.00000
      6.53369    0.0761151     0.483223      0.00000
      6.53573    0.0598951     0.767265      0.00000
      6.53777    0.0392625      1.22858      0.00000
      6.53982    0.0475158      1.43415      0.00000
      6.54186    0.0343165     0.832841      0.00000
      6.54391    0.0326275      1.03139      0.00000
      6.54595    0.0143605      1.27772      0.00000
      6.54800    0.0166254      1.27079      0.00000
      6.55004    0.0192696     0.970036      0.00000
      6.55209    0.0114235     0.821878      0.00000
      6.55414    0.0115037     0.907219      0.00000
      6.55619    0.0194464     0.428566      0.00000
      6.55824    0.0534733     0.640120      0.00000
      6.56029    0.0770268     0.879441      0.00000
      6.56234    0.0516769      1.16403      0.00000
      6.56439    0.0163633     0.624727      0.00000
      6.56644    0.0143605     0.533316      0.00000
      6.56849    0.0464206     0.477472      0.00000
      6.57055    0.0477462     0.276381      0.00000
      6.57260    0.0346498     0.722818      0.00000
      6.57465    0.0163265     0.955059      0.00000
      6.57671   0.00359617     0.849617      0.00000
      6.57876   -0.0121939      1.00535      0.00000
      6.58082  -0.00503385     0.673312      0.00000
      6.58288    0.0118110     0.579893      0.00000
      6.58493    0.0385229     0.723809      0.00000
      6.58699    0.0482531     0.846645      0.00000
      6.58905    0.0453360     0.897135      0.00000
      6.59111    0.0234633     0.751244      0.00000
      6.59317   0.00953697     0.887384      0.00000
      6.59523   0.00696248      1.09446      0.00000
      6.59729    0.0127537     0.842904      0.00000
      6.59935    0.0202029     0.557887      0.00000
      6.60142    0.0344821     0.618067      0.00000
      6.60348    0.0620828     0.670910      0.00000
      6.60554    0.0771951     0.763254      0.00000
      6.60761    0.0749106     0.874965      0.00000
      6.60967    0.0467877     0.956466      0.00000
      6.61174    0.0284992     0.815404      0.00000
      6.61381    0.0259013      1.00670      0.00000
      6.61587    0.0476056     0.834202      0.00000
      6.61794    0.0786154     0.927255      0.00000
      6.62001    0.0835565     0.636208      0.00000
      6.62208    0.0692296     0.481269      0.00000
      6.62415    0.0376078     0.583080      0.00000
      6.62622    0.0350919     0.386641      0.00000
      6.62829    0.0446605     0.395454      0.00000
      6.63036    0.0567193     0.432027      0.00000
      6.63243    0.0720351     0.511442      0.00000
      6.63451    0.0818980     0.670665      0.00000
      6.63658    0.0860098      1.13627      0.00000
      6.63865    0.0916327      1.27038      0.00000
      6.64073     0.118212     0.926273      0.00000
      6.64281     0.125893     0.812040      0.00000
      6.64488    0.0898898     0.760565      0.00000
      6.64696    0.0353967     0.539433      0.00000
