         891           4           3
Mon Jul 11 16:08:31 2005
classA_77_86.fits
    lambda (um)    Flux (Jy)   Sigma (Jy)    AOT ident.
      7.14928   0.00180787     0.265894      0.00000
      7.15151   0.00466613     0.387332      0.00000
      7.15375   0.00761120     0.524237      0.00000
      7.15598   0.00118523     0.410898      0.00000
      7.15822  -0.00434032     0.265206      0.00000
      7.16046    0.0116705     0.429078      0.00000
      7.16270    0.0361306     0.544921      0.00000
      7.16494    0.0263522     0.620001      0.00000
      7.16717   0.00767903     0.221352      0.00000
      7.16941  -0.00143925     0.366397      0.00000
      7.17166    0.0254280     0.397349      0.00000
      7.17390    0.0249047     0.610616      0.00000
      7.17614   0.00227531     0.507441      0.00000
      7.17838   -0.0346720     0.456605      0.00000
      7.18063   -0.0332267     0.532135      0.00000
      7.18287   -0.0115601     0.491491      0.00000
      7.18512    0.0109015     0.554301      0.00000
      7.18736    0.0146417     0.557348      0.00000
      7.18961   0.00912230     0.362400      0.00000
      7.19185   0.00511752     0.315279      0.00000
      7.19410   0.00323619     0.565524      0.00000
      7.19635    0.0218699     0.586786      0.00000
      7.19860    0.0194816     0.428437      0.00000
      7.20085   0.00931426     0.389190      0.00000
      7.20310  -0.00427310     0.373014      0.00000
      7.20535  -0.00318896     0.338666      0.00000
      7.20760 -0.000213844     0.367478      0.00000
      7.20986  -0.00742875     0.484457      0.00000
      7.21211    0.0105152     0.504984      0.00000
      7.21436    0.0272018     0.310070      0.00000
      7.21662    0.0373723     0.326052      0.00000
      7.21887   0.00771532     0.544221      0.00000
      7.22113  -0.00500711     0.779317      0.00000
      7.22339  -0.00342531     0.763002      0.00000
      7.22565    0.0315577     0.320410      0.00000
      7.22790    0.0504397     0.482098      0.00000
      7.23016    0.0790300     0.491094      0.00000
      7.23242    0.0713869     0.722322      0.00000
      7.23468    0.0744708     0.493104      0.00000
      7.23694    0.0580938     0.445553      0.00000
      7.23921    0.0676530     0.508769      0.00000
      7.24147    0.0648984     0.596603      0.00000
      7.24373    0.0588922     0.489976      0.00000
      7.24600    0.0471676     0.510806      0.00000
      7.24826    0.0284382     0.596942      0.00000
      7.25053    0.0324170     0.342933      0.00000
      7.25279    0.0436317     0.612125      0.00000
      7.25506    0.0629295     0.578588      0.00000
      7.25733    0.0625180     0.392818      0.00000
      7.25959    0.0464137     0.450212      0.00000
      7.26186    0.0333132     0.395576      0.00000
      7.26413    0.0287575     0.401830      0.00000
      7.26640    0.0411176     0.535946      0.00000
      7.26868    0.0493486     0.566594      0.00000
      7.27095    0.0590313     0.500413      0.00000
      7.27322    0.0501068     0.348347      0.00000
      7.27549    0.0395226     0.320699      0.00000
      7.27777    0.0377935     0.365818      0.00000
      7.28004    0.0551460     0.417202      0.00000
      7.28232    0.0648613     0.431923      0.00000
      7.28459    0.0761884     0.435365      0.00000
      7.28687    0.0868706     0.529157      0.00000
      7.28915     0.101419     0.452513      0.00000
      7.29143    0.0904597     0.402044      0.00000
      7.29370    0.0742406     0.406806      0.00000
      7.29598    0.0696426     0.447901      0.00000
      7.29826    0.0707139     0.485933      0.00000
      7.30055    0.0778344     0.398446      0.00000
      7.30283    0.0777675     0.291765      0.00000
      7.30511    0.0866190     0.299726      0.00000
      7.30739    0.0838541     0.345270      0.00000
      7.30968    0.0856402     0.289916      0.00000
      7.31196    0.0862573     0.375228      0.00000
      7.31425     0.105006     0.472914      0.00000
      7.31653     0.109254     0.531202      0.00000
      7.31882     0.106698     0.499470      0.00000
      7.32111    0.0932216     0.392691      0.00000
      7.32340     0.105553     0.178633      0.00000
      7.32568     0.123401     0.358252      0.00000
      7.32797     0.126859     0.409175      0.00000
      7.33026     0.127143     0.309426      0.00000
      7.33256     0.127558     0.277245      0.00000
      7.33485     0.136725     0.276897      0.00000
      7.33714     0.130630     0.508957      0.00000
      7.33943     0.130636     0.449154      0.00000
      7.34173     0.131568     0.221149      0.00000
      7.34402     0.138696     0.195549      0.00000
      7.34632     0.151286     0.171077      0.00000
      7.34861     0.169135     0.344581      0.00000
      7.35091     0.172780     0.309332      0.00000
      7.35321     0.161495     0.410859      0.00000
      7.35550     0.148486     0.459487      0.00000
      7.35780     0.150357     0.376155      0.00000
      7.36010     0.159457     0.356457      0.00000
      7.36240     0.168455     0.313849      0.00000
      7.36471     0.174174     0.255314      0.00000
      7.36701     0.179068     0.273340      0.00000
      7.36931     0.188879     0.289435      0.00000
      7.37161     0.192924     0.252496      0.00000
      7.37392     0.196257     0.407820      0.00000
      7.37622     0.200433     0.517346      0.00000
      7.37853     0.220167     0.465666      0.00000
      7.38083     0.233469     0.247068      0.00000
      7.38314     0.244464     0.246581      0.00000
      7.38545     0.245877     0.481633      0.00000
      7.38776     0.249836     0.440842      0.00000
      7.39006     0.243857     0.382238      0.00000
      7.39237     0.231155     0.406975      0.00000
      7.39469     0.225274     0.341240      0.00000
      7.39700     0.237961     0.316253      0.00000
      7.39931     0.264303     0.331564      0.00000
      7.40162     0.280059     0.308327      0.00000
      7.40393     0.285674     0.351367      0.00000
      7.40625     0.293016     0.388569      0.00000
      7.40856     0.307567     0.416929      0.00000
      7.41088     0.305322     0.513110      0.00000
      7.41320     0.304521     0.449712      0.00000
      7.41551     0.299737     0.455660      0.00000
      7.41783     0.311240     0.309486      0.00000
      7.42015     0.314513     0.186766      0.00000
      7.42247     0.331025     0.305954      0.00000
      7.42479     0.349486     0.395427      0.00000
      7.42711     0.365472     0.442409      0.00000
      7.42943     0.355739     0.494093      0.00000
      7.43175     0.348105     0.406956      0.00000
      7.43407     0.353329     0.487977      0.00000
      7.43640     0.367159     0.440062      0.00000
      7.43872     0.372340     0.312309      0.00000
      7.44105     0.372671     0.211580      0.00000
      7.44337     0.374044     0.325756      0.00000
      7.44570     0.374134     0.364286      0.00000
      7.44803     0.379877     0.278564      0.00000
      7.47367     0.427316     0.564983      0.00000
      7.47601     0.420811     0.565865      0.00000
      7.47835     0.419134     0.345430      0.00000
      7.48068     0.440978     0.250742      0.00000
      7.48302     0.476624     0.354271      0.00000
      7.48536     0.494045     0.370154      0.00000
      7.48770     0.494054     0.423765      0.00000
      7.49004     0.498811     0.362654      0.00000
      7.49238     0.516680     0.320524      0.00000
      7.49472     0.552528     0.363521      0.00000
      7.49706     0.612775     0.522093      0.00000
      7.49941     0.675476     0.791664      0.00000
      7.50175     0.693216     0.506120      0.00000
      7.50410     0.669109     0.563175      0.00000
      7.50644     0.631432     0.488230      0.00000
      7.50879     0.624146     0.431605      0.00000
      7.51113     0.638521     0.428926      0.00000
      7.51348     0.647533     0.866855      0.00000
      7.51583     0.655384     0.701495      0.00000
      7.51818     0.648608     0.462187      0.00000
      7.52053     0.664573     0.564280      0.00000
      7.52288     0.667917     0.534183      0.00000
      7.52523     0.681025     0.413915      0.00000
      7.52758     0.684030     0.363305      0.00000
      7.52994     0.699891     0.283800      0.00000
      7.53229     0.703604     0.313036      0.00000
      7.53464     0.716622     0.395281      0.00000
      7.53700     0.729228     0.423778      0.00000
      7.53935     0.745710     0.394012      0.00000
      7.54171     0.757386     0.397596      0.00000
      7.54407     0.770291     0.385860      0.00000
      7.54643     0.778717     0.351205      0.00000
      7.54878     0.783599     0.286537      0.00000
      7.55114     0.786228     0.434964      0.00000
      7.55350     0.792366     0.652393      0.00000
      7.55586     0.793573     0.599499      0.00000
      7.55823     0.794865     0.532267      0.00000
      7.56059     0.795349     0.484989      0.00000
      7.56295     0.799479     0.468978      0.00000
      7.56532     0.808623     0.478018      0.00000
      7.56768     0.820044     0.339056      0.00000
      7.57005     0.827688     0.316625      0.00000
      7.57241     0.825496     0.330232      0.00000
      7.57478     0.827612     0.333085      0.00000
      7.57715     0.838294     0.323576      0.00000
      7.57951     0.849352     0.428581      0.00000
      7.58188     0.849041     0.446119      0.00000
      7.58425     0.851736     0.362401      0.00000
      7.58662     0.860965     0.310908      0.00000
      7.58899     0.877681     0.518428      0.00000
      7.59137     0.880468     0.470981      0.00000
      7.59374     0.890895     0.282912      0.00000
      7.59611     0.884620     0.299157      0.00000
      7.59849     0.874392     0.385421      0.00000
      7.60086     0.859791     0.423025      0.00000
      7.60324     0.869928     0.461667      0.00000
      7.60561     0.891632     0.322429      0.00000
      7.60799     0.915381     0.433884      0.00000
      7.61037     0.931594     0.530422      0.00000
      7.61275     0.949334     0.404181      0.00000
      7.61513     0.948973     0.400442      0.00000
      7.61751     0.951591     0.379971      0.00000
      7.61989     0.962274     0.483828      0.00000
      7.62227     0.981245     0.517733      0.00000
      7.62465     0.993060     0.372709      0.00000
      7.62703     0.997752     0.269510      0.00000
      7.62942     1.000000     0.345788      0.00000
      7.63180     0.990116     0.431604      0.00000
      7.63419     0.975714     0.298356      0.00000
      7.63657     0.964477     0.250650      0.00000
      7.63896     0.961849     0.390419      0.00000
      7.64135     0.948165     0.484509      0.00000
      7.64374     0.941050     0.366295      0.00000
      7.64613     0.942163     0.455826      0.00000
      7.64851     0.946692     0.491512      0.00000
      7.65091     0.933189     0.527458      0.00000
      7.65330     0.914780     0.470515      0.00000
      7.65569     0.906071     0.460923      0.00000
      7.65808     0.898285     0.337329      0.00000
      7.66048     0.884157     0.489720      0.00000
      7.66287     0.873688     0.460889      0.00000
      7.66526     0.862902     0.407344      0.00000
      7.66766     0.852653     0.349636      0.00000
      7.67006     0.829007     0.379620      0.00000
      7.67245     0.824178     0.452591      0.00000
      7.67485     0.817793     0.488658      0.00000
      7.67725     0.813728     0.411272      0.00000
      7.67965     0.791276     0.369007      0.00000
      7.68205     0.778600     0.361680      0.00000
      7.68445     0.764808     0.364645      0.00000
      7.68685     0.761137     0.406097      0.00000
      7.68926     0.747351     0.365240      0.00000
      7.69166     0.741390     0.440896      0.00000
      7.69406     0.731280     0.470403      0.00000
      7.69647     0.728485     0.461846      0.00000
      7.69887     0.717407     0.410702      0.00000
      7.70128     0.707602     0.274945      0.00000
      7.70369     0.689157     0.235312      0.00000
      7.70609     0.683922     0.361710      0.00000
      7.70850     0.686350     0.410657      0.00000
      7.71091     0.695928     0.349070      0.00000
      7.71332     0.700810     0.338937      0.00000
      7.71573     0.703542     0.289293      0.00000
      7.71815     0.703942     0.260234      0.00000
      7.72056     0.705579     0.304362      0.00000
      7.72297     0.701864     0.339783      0.00000
      7.72538     0.702837     0.410152      0.00000
      7.72780     0.705064     0.350850      0.00000
      7.73021     0.704222     0.303120      0.00000
      7.73263     0.700497     0.345752      0.00000
      7.73505     0.703558     0.398094      0.00000
      7.73746     0.714032     0.460011      0.00000
      7.73988     0.713190     0.374757      0.00000
      7.74230     0.702600     0.331318      0.00000
      7.74472     0.698585     0.308187      0.00000
      7.74714     0.712095     0.327742      0.00000
      7.74956     0.723336     0.380942      0.00000
      7.75199     0.725904     0.457705      0.00000
      7.75441     0.731070     0.470252      0.00000
      7.75683     0.740628     0.543707      0.00000
      7.75926     0.737113     0.444528      0.00000
      7.76168     0.726235     0.225732      0.00000
      7.76411     0.717907     0.343669      0.00000
      7.76653     0.722089     0.313210      0.00000
      7.76896     0.719323     0.161879      0.00000
      7.77139     0.703874     0.243494      0.00000
      7.77382     0.696724     0.291753      0.00000
      7.77625     0.707426     0.505038      0.00000
      7.77868     0.719531     0.518658      0.00000
      7.78111     0.725997     0.389482      0.00000
      7.78354     0.720436     0.292779      0.00000
      7.78597     0.718551     0.268272      0.00000
      7.78841     0.716844     0.317494      0.00000
      7.79084     0.719305     0.364806      0.00000
      7.79328     0.720767     0.329544      0.00000
      7.79571     0.716797     0.331481      0.00000
      7.79815     0.710838     0.335985      0.00000
      7.80059     0.713765     0.248538      0.00000
      7.80303     0.717186     0.272087      0.00000
      7.80546     0.711177     0.332500      0.00000
      7.80790     0.708514     0.304771      0.00000
      7.81034     0.711086     0.427989      0.00000
      7.81279     0.708853     0.403874      0.00000
      7.81523     0.690130     0.249966      0.00000
      7.81767     0.671337     0.296173      0.00000
      7.82011     0.680470     0.298338      0.00000
      7.82256     0.688778     0.394368      0.00000
      7.82500     0.679955     0.463280      0.00000
      7.82745     0.665488     0.341676      0.00000
      7.82989     0.666604     0.432980      0.00000
      7.83234     0.670564     0.376622      0.00000
      7.83479     0.659363     0.339036      0.00000
      7.83724     0.647476     0.264461      0.00000
      7.83969     0.655346     0.299539      0.00000
      7.84214     0.660862     0.312903      0.00000
      7.84459     0.655823     0.319783      0.00000
      7.84704     0.649276     0.361471      0.00000
      7.84949     0.643980     0.287778      0.00000
      7.85195     0.646208     0.401317      0.00000
      7.85440     0.635243     0.455268      0.00000
      7.85686     0.628617     0.435901      0.00000
      7.85931     0.624212     0.470563      0.00000
      7.86177     0.619220     0.391243      0.00000
      7.86423     0.610019     0.258152      0.00000
      7.86668     0.591148     0.271690      0.00000
      7.86914     0.581740     0.301928      0.00000
      7.87160     0.594054     0.330618      0.00000
      7.87406     0.604597     0.278361      0.00000
      7.87652     0.602502     0.304501      0.00000
      7.87898     0.575234     0.281527      0.00000
      7.88145     0.565092     0.431321      0.00000
      7.88391     0.564710     0.541234      0.00000
      7.88637     0.558517     0.420547      0.00000
      7.88884     0.536506     0.288560      0.00000
      7.89130     0.516431     0.257299      0.00000
      7.89377     0.512048     0.175053      0.00000
      7.89624     0.508849     0.202850      0.00000
      7.89871     0.503404     0.299423      0.00000
      7.90118     0.499330     0.264667      0.00000
      7.90365     0.497318     0.198320      0.00000
      7.90612     0.489416     0.195421      0.00000
      7.90859     0.472734     0.319925      0.00000
      7.91106     0.447858     0.469215      0.00000
      7.91353     0.433892     0.463076      0.00000
      7.91600     0.430318     0.353533      0.00000
      7.91848     0.424352     0.343301      0.00000
      7.92095     0.410328     0.321183      0.00000
      7.92343     0.405715     0.298223      0.00000
      7.92591     0.411284     0.440801      0.00000
      7.92838     0.415187     0.471301      0.00000
      7.93086     0.390881     0.419145      0.00000
      7.93334     0.369354     0.357611      0.00000
      7.93582     0.360509     0.301450      0.00000
      7.93830     0.358081     0.343193      0.00000
      7.94078     0.341275     0.398565      0.00000
      7.94326     0.315404     0.344725      0.00000
      7.94574     0.310724     0.404595      0.00000
      7.94823     0.322906     0.315910      0.00000
      7.95071     0.326667     0.236309      0.00000
      7.95320     0.308739     0.402658      0.00000
      7.95568     0.295874     0.345148      0.00000
      7.95817     0.286949     0.268985      0.00000
      7.96066     0.277768     0.467495      0.00000
      7.96315     0.259063     0.511581      0.00000
      7.96563     0.250982     0.308327      0.00000
      7.96812     0.255667     0.199597      0.00000
      7.97061     0.262976     0.249836      0.00000
      7.97311     0.267478     0.383525      0.00000
      7.97560     0.259893     0.390271      0.00000
      7.97809     0.252790     0.359746      0.00000
      7.98058     0.230892     0.342352      0.00000
      7.98308     0.217314     0.336495      0.00000
      7.98557     0.208022     0.315465      0.00000
      7.98807     0.214838     0.260459      0.00000
      7.99057     0.234693     0.274518      0.00000
      7.99306     0.237615     0.310154      0.00000
      7.99556     0.225351     0.497574      0.00000
      7.99806     0.204246     0.441809      0.00000
      8.00056     0.191756     0.325770      0.00000
      8.00306     0.191439     0.324977      0.00000
      8.00556     0.194267     0.314219      0.00000
      8.00806     0.194746     0.323205      0.00000
      8.01057     0.187065     0.372887      0.00000
      8.01307     0.172116     0.293447      0.00000
      8.01558     0.172685     0.309799      0.00000
      8.01808     0.195037     0.492075      0.00000
      8.02059     0.214241     0.447442      0.00000
      8.02309     0.218473     0.344091      0.00000
      8.02560     0.201157     0.306672      0.00000
      8.02811     0.173530     0.333321      0.00000
      8.03062     0.137403     0.388982      0.00000
      8.03313     0.114460     0.410029      0.00000
      8.03564     0.113868     0.359491      0.00000
      8.03815     0.125365     0.340547      0.00000
      8.04066     0.125784     0.367005      0.00000
      8.04318     0.126420     0.342552      0.00000
      8.04569     0.131857     0.292161      0.00000
      8.04820     0.138475     0.381267      0.00000
      8.05072     0.125577     0.416221      0.00000
      8.05324     0.106284     0.348336      0.00000
      8.05575     0.106086     0.361517      0.00000
      8.05827     0.120577     0.365390      0.00000
      8.06079     0.124645     0.277474      0.00000
      8.06331     0.105657     0.358149      0.00000
      8.06583    0.0902824     0.384482      0.00000
      8.06835    0.0826661     0.376205      0.00000
      8.07087    0.0792197     0.277929      0.00000
      8.07339    0.0689192     0.304228      0.00000
      8.07592    0.0607731     0.339633      0.00000
      8.07844    0.0619990     0.275346      0.00000
      8.08097    0.0650108     0.259405      0.00000
      8.08349    0.0683077     0.269167      0.00000
      8.08602    0.0724329     0.316548      0.00000
      8.08855    0.0811379     0.466116      0.00000
      8.09107    0.0632419     0.465543      0.00000
      8.09360    0.0339558      1.42299      0.00000
      8.09613    0.0120480      1.28357      0.00000
      8.09866    0.0168620     0.393813      0.00000
      8.10119    0.0365398     0.342021      0.00000
      8.10373    0.0402913     0.306304      0.00000
      8.10626    0.0464359     0.465802      0.00000
      8.10879    0.0475127     0.440459      0.00000
      8.11133    0.0573417     0.328010      0.00000
      8.11386    0.0579105     0.370414      0.00000
      8.11640    0.0444269     0.386613      0.00000
      8.11894    0.0242657     0.303679      0.00000
      8.12147    0.0170047     0.285241      0.00000
      8.12401    0.0212835     0.237516      0.00000
      8.12655    0.0223075     0.304414      0.00000
      8.12909    0.0164419     0.279454      0.00000
      8.13163   0.00642242     0.244218      0.00000
      8.13417   0.00317326     0.295211      0.00000
      8.13671 -0.000636745     0.391379      0.00000
      8.13926   0.00502652     0.384429      0.00000
      8.14180   0.00345416     0.290753      0.00000
      8.14435   0.00321292     0.412220      0.00000
      8.14689   0.00611048     0.409868      0.00000
      8.14944    0.0138427     0.264898      0.00000
      8.15199    0.0241446     0.222169      0.00000
      8.15453    0.0283115     0.209605      0.00000
      8.15708    0.0348670     0.342172      0.00000
      8.15963    0.0398988     0.332885      0.00000
      8.16218    0.0363771     0.251880      0.00000
      8.16473    0.0288276     0.251837      0.00000
      8.16728    0.0193466     0.260096      0.00000
      8.16984   0.00891918     0.498875      0.00000
      8.17239  -0.00368677     0.574433      0.00000
      8.17495   -0.0108739     0.379037      0.00000
      8.17750   -0.0111388     0.320575      0.00000
      8.18006  -0.00595357     0.290869      0.00000
      8.18261   0.00160612     0.225533      0.00000
      8.18517    0.0131289     0.335411      0.00000
      8.18773    0.0227968     0.320987      0.00000
      8.19029    0.0280536     0.238650      0.00000
      8.19285    0.0220438     0.248975      0.00000
      8.19541   0.00979473     0.312272      0.00000
      8.19797  0.000572716     0.447577      0.00000
      8.20053   0.00287448     0.434669      0.00000
      8.20310    0.0136802     0.357966      0.00000
      8.20566    0.0142008     0.361528      0.00000
      8.20822   0.00695466     0.325978      0.00000
      8.21079  0.000612895     0.414597      0.00000
      8.21336   0.00764937     0.490949      0.00000
      8.21592   0.00920060     0.416186      0.00000
      8.21849  -0.00242935     0.402330      0.00000
      8.22106   -0.0102722     0.303592      0.00000
      8.22363  -0.00774208     0.438391      0.00000
      8.22620   0.00305054     0.452040      0.00000
      8.22877   0.00498181     0.285304      0.00000
      8.23134   0.00744916     0.189665      0.00000
      8.23391    0.0114279     0.249887      0.00000
      8.23649    0.0185835     0.439429      0.00000
      8.23906    0.0252201     0.511124      0.00000
      8.24164    0.0291452     0.421317      0.00000
      8.24421    0.0236429     0.326177      0.00000
      8.24679    0.0159931     0.302919      0.00000
      8.24937    0.0164703     0.285687      0.00000
      8.25195    0.0190710     0.274325      0.00000
      8.25453    0.0262564     0.235631      0.00000
      8.25710    0.0304232     0.375973      0.00000
      8.25969    0.0336099     0.443537      0.00000
      8.26227    0.0290909     0.398685      0.00000
      8.26485    0.0191006     0.306524      0.00000
      8.26743    0.0212198     0.266424      0.00000
      8.27002    0.0316974     0.404946      0.00000
      8.27260    0.0439349     0.383594      0.00000
      8.27519    0.0516057     0.416693      0.00000
      8.27777    0.0499744     0.403034      0.00000
      8.28036    0.0439167     0.271350      0.00000
      8.28295    0.0378036     0.154640      0.00000
      8.28554    0.0368749     0.299640      0.00000
      8.28813    0.0347471     0.337488      0.00000
      8.29072    0.0332291     0.326441      0.00000
      8.29331    0.0382900     0.271593      0.00000
      8.29590    0.0582036     0.186270      0.00000
      8.29849    0.0759607     0.233934      0.00000
      8.30109    0.0886179     0.250469      0.00000
      8.30368    0.0914808     0.412620      0.00000
      8.30628    0.0943922     0.430183      0.00000
      8.30887    0.0938074     0.406253      0.00000
      8.31147    0.0892405     0.596006      0.00000
      8.31407    0.0936668     0.516745      0.00000
      8.31667    0.0945412     0.299767      0.00000
      8.31927    0.0954242     0.374204      0.00000
      8.32187    0.0917636     0.344065      0.00000
      8.32447    0.0882658     0.360803      0.00000
      8.32707    0.0793133     0.332651      0.00000
      8.32967    0.0741285     0.283261      0.00000
      8.33228    0.0798976     0.457521      0.00000
      8.33488    0.0876995     0.385573      0.00000
      8.33748    0.0904624     0.333659      0.00000
      8.34009    0.0886767     0.396092      0.00000
      8.34270    0.0980412     0.290362      0.00000
      8.34530    0.0987957     0.207217      0.00000
      8.34791    0.0935970     0.345742      0.00000
      8.35052    0.0911776     0.261716      0.00000
      8.35313    0.0931717     0.288429      0.00000
      8.35574    0.0977572     0.388769      0.00000
      8.35835    0.0945637     0.367707      0.00000
      8.36097    0.0931759     0.279547      0.00000
      8.36358    0.0894187     0.165523      0.00000
      8.36619    0.0914639     0.236075      0.00000
      8.36881    0.0945333     0.287022      0.00000
      8.37142     0.100600     0.374925      0.00000
      8.37404    0.0960018     0.358267      0.00000
      8.37666    0.0809935     0.255496      0.00000
      8.37928    0.0673939     0.300422      0.00000
      8.38190    0.0682504     0.358787      0.00000
      8.38451    0.0796348     0.321555      0.00000
      8.38714    0.0887148     0.222434      0.00000
      8.38976    0.0965324     0.246237      0.00000
      8.39238     0.102584     0.290327      0.00000
      8.39500     0.107937     0.259125      0.00000
      8.39763     0.104740     0.384684      0.00000
      8.40025    0.0875084     0.453490      0.00000
      8.40288    0.0802395     0.354834      0.00000
      8.40550    0.0825533     0.290615      0.00000
      8.40813    0.0896124     0.244740      0.00000
      8.41076    0.0853636     0.432229      0.00000
      8.41339    0.0786609     0.426510      0.00000
      8.41602    0.0869074     0.202429      0.00000
      8.41865     0.100174     0.254693      0.00000
      8.42128     0.105465     0.606684      0.00000
      8.42391     0.100232     0.644413      0.00000
      8.42654     0.100953     0.340576      0.00000
      8.42918     0.104028     0.406491      0.00000
      8.43181     0.106465     0.502555      0.00000
      8.43445     0.101122     0.402343      0.00000
      8.43708     0.101099     0.389471      0.00000
      8.43972     0.114042     0.413384      0.00000
      8.44236     0.117828     0.432903      0.00000
      8.44500     0.132001     0.366874      0.00000
      8.44764     0.151665     0.337392      0.00000
      8.45028     0.178786     0.397931      0.00000
      8.45292     0.191017     0.427687      0.00000
      8.45556     0.188070     0.480852      0.00000
      8.45820     0.187626     0.467822      0.00000
      8.46084     0.182502     0.458945      0.00000
      8.46349     0.171573     0.387785      0.00000
      8.46614     0.170777     0.232827      0.00000
      8.46878     0.175043     0.299559      0.00000
      8.47143     0.173659     0.397468      0.00000
      8.47408     0.174528     0.386534      0.00000
      8.47672     0.185713     0.450728      0.00000
      8.47937     0.197851     0.513144      0.00000
      8.48202     0.202306     0.482856      0.00000
      8.48467     0.199338     0.284130      0.00000
      8.48733     0.209064     0.257544      0.00000
      8.48998     0.218293     0.308310      0.00000
      8.49263     0.227190     0.380940      0.00000
      8.49529     0.227989     0.382463      0.00000
      8.49794     0.222849     0.469364      0.00000
      8.50060     0.224540     0.440318      0.00000
      8.50325     0.240958     0.443747      0.00000
      8.50591     0.261022     0.385323      0.00000
      8.50857     0.268505     0.353337      0.00000
      8.51123     0.272260     0.432653      0.00000
      8.51389     0.279586     0.423501      0.00000
      8.51655     0.301587     0.461423      0.00000
      8.51921     0.311868     0.457061      0.00000
      8.52188     0.314782     0.440457      0.00000
      8.52454     0.308457     0.538821      0.00000
      8.52720     0.301102     0.564971      0.00000
      8.52987     0.300739     0.459594      0.00000
      8.53254     0.302779     0.437534      0.00000
      8.53520     0.314439     0.356376      0.00000
      8.53787     0.320226     0.358905      0.00000
      8.54054     0.325482     0.306315      0.00000
      8.54321     0.330386     0.327805      0.00000
      8.54588     0.328868     0.359498      0.00000
      8.54855     0.318393     0.343693      0.00000
      8.55122     0.311625     0.379652      0.00000
      8.55389     0.321957     0.509121      0.00000
      8.55657     0.337154     0.388473      0.00000
      8.55924     0.345891     0.398035      0.00000
      8.56192     0.349322     0.509361      0.00000
      8.56459     0.349261     0.418988      0.00000
      8.56727     0.343079     0.421112      0.00000
      8.56995     0.334841     0.422297      0.00000
      8.57263     0.334414     0.402219      0.00000
      8.57530     0.341601     0.468393      0.00000
      8.57798     0.343069     0.458241      0.00000
      8.58067     0.331005     0.428203      0.00000
      8.58335     0.324934     0.436344      0.00000
      8.58603     0.328344     0.390063      0.00000
      8.58871     0.345652     0.468909      0.00000
      8.59140     0.369713     0.486785      0.00000
      8.59408     0.380616     0.381352      0.00000
      8.59677     0.388350     0.369074      0.00000
      8.59946     0.385326     0.258940      0.00000
      8.60214     0.382886     0.422090      0.00000
      8.60483     0.371149     0.485145      0.00000
      8.60752     0.355757     0.391226      0.00000
      8.61021     0.356150     0.391060      0.00000
      8.61290     0.376515     0.442759      0.00000
      8.61560     0.386589     0.498377      0.00000
      8.61829     0.381327     0.565269      0.00000
      8.62098     0.369356     0.562592      0.00000
      8.62368     0.361805     0.489220      0.00000
      8.62637     0.348934     0.512350      0.00000
      8.62907     0.346389     0.531435      0.00000
      8.63177     0.352305     0.479948      0.00000
      8.63446     0.365178     0.447050      0.00000
      8.63716     0.374402     0.461279      0.00000
      8.63986     0.382586     0.448766      0.00000
      8.64256     0.385357     0.434925      0.00000
      8.64526     0.373907     0.424393      0.00000
      8.64797     0.364248     0.440387      0.00000
      8.65067     0.366645     0.383306      0.00000
      8.65337     0.371425     0.264018      0.00000
      8.65608     0.369320     0.267400      0.00000
      8.65878     0.368075     0.350389      0.00000
      8.66149     0.364251     0.323762      0.00000
      8.66420     0.352340     0.294990      0.00000
      8.66690     0.334492     0.517884      0.00000
      8.66961     0.320821     0.530060      0.00000
      8.67232     0.316869     0.447014      0.00000
      8.67503     0.314068     0.492465      0.00000
      8.67774     0.303458     0.433360      0.00000
      8.68046     0.293527     0.484841      0.00000
      8.68317     0.278308     0.544172      0.00000
      8.68588     0.272842     0.439058      0.00000
      8.68860     0.267430     0.348300      0.00000
      8.69131     0.269175     0.391762      0.00000
      8.69403     0.259222     0.451470      0.00000
      8.69675     0.255235     0.397719      0.00000
      8.69946     0.250947     0.415090      0.00000
      8.70218     0.245963     0.452756      0.00000
      8.70490     0.239753     0.443108      0.00000
      8.70762     0.228165     0.486008      0.00000
      8.71035     0.213893     0.348561      0.00000
      8.71307     0.198988     0.385330      0.00000
      8.71579     0.209307     0.437285      0.00000
      8.71852     0.237600     0.502353      0.00000
      8.72124     0.257220     0.518042      0.00000
      8.72397     0.254977     0.488683      0.00000
      8.72669     0.234770     0.504935      0.00000
      8.72942     0.207645     0.444382      0.00000
      8.73215     0.184216     0.410142      0.00000
      8.73488     0.187423     0.319030      0.00000
      8.73761     0.196290     0.583711      0.00000
      8.74034     0.197866     0.601342      0.00000
      8.74307     0.189955     0.394020      0.00000
      8.74580     0.178195     0.440306      0.00000
      8.74854     0.170759     0.475063      0.00000
      8.75127     0.165679     0.557090      0.00000
      8.75401     0.180053     0.415178      0.00000
      8.75674     0.193137     0.413563      0.00000
      8.75948     0.181419     0.561858      0.00000
      8.76222     0.153886     0.565204      0.00000
      8.76496     0.126556     0.515175      0.00000
      8.76770     0.114928     0.390340      0.00000
      8.77044     0.120181     0.411297      0.00000
      8.77318     0.116156     0.469905      0.00000
      8.77592     0.123177     0.590020      0.00000
      8.77866     0.132213     0.775842      0.00000
      8.78141     0.138174     0.673093      0.00000
      8.78415     0.133522     0.517807      0.00000
      8.78690     0.106063     0.594555      0.00000
      8.78964    0.0901956     0.507463      0.00000
      8.79239    0.0743198     0.457502      0.00000
      8.79514    0.0750600     0.475526      0.00000
      8.79789    0.0809045     0.232710      0.00000
      8.80064    0.0837118     0.224575      0.00000
      8.80339    0.0752791     0.505119      0.00000
      8.80614    0.0587762     0.528799      0.00000
      8.80889    0.0546907     0.366279      0.00000
      8.81164    0.0629463     0.497273      0.00000
      8.81440    0.0706433     0.516737      0.00000
      8.81715    0.0637271     0.515745      0.00000
      8.81991    0.0626388     0.551289      0.00000
      8.82267    0.0682871     0.417375      0.00000
      8.82542    0.0754112     0.375274      0.00000
      8.82818    0.0604594     0.678268      0.00000
      8.83094    0.0442826     0.649861      0.00000
      8.83370    0.0398521     0.576184      0.00000
      8.83646    0.0487923     0.506012      0.00000
      8.83922    0.0539162     0.405568      0.00000
      8.84199    0.0505070     0.311752      0.00000
      8.84475    0.0445184     0.234046      0.00000
      8.84751    0.0277491     0.573292      0.00000
      8.85028    0.0134683     0.614485      0.00000
      8.85305   0.00871269     0.381777      0.00000
      8.85581    0.0136389     0.408681      0.00000
      8.85858    0.0274543     0.439453      0.00000
      8.86135    0.0378742     0.316057      0.00000
      8.86412    0.0383342     0.236138      0.00000
      8.86689    0.0261129     0.412502      0.00000
      8.86966    0.0168177     0.390842      0.00000
      8.87243    0.0189046     0.481646      0.00000
      8.87521    0.0209179     0.627380      0.00000
      8.87798    0.0176099     0.472695      0.00000
      8.88075    0.0146342     0.264526      0.00000
      8.88353    0.0136959     0.383144      0.00000
      8.88631    0.0124095     0.452935      0.00000
      8.88908    0.0300689     0.408586      0.00000
      8.89186    0.0514618     0.467135      0.00000
      8.89464    0.0665159     0.419229      0.00000
      8.89742    0.0488534     0.437362      0.00000
      8.90020    0.0191616     0.533373      0.00000
      8.90298  -0.00596836     0.302381      0.00000
      8.90577   -0.0163591     0.383869      0.00000
      8.90855   -0.0180632     0.366323      0.00000
      8.91134   -0.0194701     0.303199      0.00000
      8.91412  -0.00733119     0.455536      0.00000
      8.91691   0.00391801     0.516463      0.00000
      8.91969   0.00213609     0.487000      0.00000
      8.92248   0.00548622     0.410004      0.00000
      8.92527   0.00833172     0.540126      0.00000
      8.92806    0.0253528     0.613493      0.00000
      8.93085    0.0222224     0.579352      0.00000
      8.93364   0.00942671     0.668438      0.00000
      8.93643  0.000360069     0.611561      0.00000
      8.93923   -0.0129127     0.477739      0.00000
      8.94202   -0.0111539     0.574314      0.00000
      8.94481   -0.0267158     0.630585      0.00000
      8.94761   -0.0356044     0.540316      0.00000
      8.95041   -0.0352925     0.612802      0.00000
      8.95321   -0.0273199     0.611420      0.00000
      8.95600   -0.0222844     0.584839      0.00000
      8.95880   -0.0187211     0.606188      0.00000
      8.96160   -0.0120030     0.488496      0.00000
      8.96440   0.00714269     0.435319      0.00000
      8.96721    0.0129957     0.393470      0.00000
      8.97001    0.0272057     0.352470      0.00000
      8.97281    0.0340504     0.404601      0.00000
      8.99808    0.0207375     0.332381      0.00000
      9.00090  -0.00925531     0.465394      0.00000
      9.00371   -0.0147151     0.484788      0.00000
      9.00652   -0.0123634     0.463431      0.00000
      9.00934  -0.00179244     0.375544      0.00000
      9.01215  0.000394434     0.360850      0.00000
      9.01497   0.00478985     0.412312      0.00000
      9.01779  0.000121134     0.464801      0.00000
      9.02061  -0.00542082     0.535555      0.00000
      9.02343  -0.00553999     0.479918      0.00000
      9.02625    0.0118686     0.408909      0.00000
      9.02907    0.0187262     0.361841      0.00000
      9.03189   0.00122015     0.453936      0.00000
      9.03471   -0.0219199     0.426116      0.00000
      9.03754   -0.0191068     0.431701      0.00000
      9.04036  2.97065e-05     0.266837      0.00000
      9.04319    0.0113419     0.411480      0.00000
      9.04601    0.0145691     0.503239      0.00000
      9.04884    0.0190350     0.362075      0.00000
      9.05167    0.0224576     0.288183      0.00000
      9.05450    0.0266097     0.385290      0.00000
      9.05733    0.0143595     0.378605      0.00000
      9.06016  -0.00204255     0.389820      0.00000
      9.06299   -0.0236874     0.364989      0.00000
      9.06582   -0.0325693     0.483118      0.00000
      9.06866   -0.0268324     0.554178      0.00000
      9.07149   -0.0167466     0.427412      0.00000
      9.07433   -0.0117967     0.411552      0.00000
      9.07716   -0.0176476     0.378304      0.00000
      9.08000   -0.0130957     0.422975      0.00000
      9.08284   0.00911200     0.446850      0.00000
      9.08568    0.0271067     0.348905      0.00000
      9.08852    0.0132129     0.607781      0.00000
      9.09136    0.0103449     0.648163      0.00000
      9.09420    0.0182238     0.543562      0.00000
      9.09704    0.0358898     0.464722      0.00000
      9.09988    0.0276473     0.461836      0.00000
      9.10273    0.0191325     0.384524      0.00000
      9.10557    0.0165143     0.553009      0.00000
      9.10842    0.0244841     0.628286      0.00000
      9.11127    0.0234709     0.563210      0.00000
      9.11411    0.0171955     0.476307      0.00000
      9.11696   0.00589944     0.419587      0.00000
      9.11981   0.00769811     0.410563      0.00000
      9.12266    0.0268517     0.427608      0.00000
      9.12551    0.0434251     0.640802      0.00000
      9.12836    0.0236258     0.651889      0.00000
      9.13122   -0.0196453     0.577064      0.00000
      9.13407   -0.0330074     0.464512      0.00000
      9.13693   -0.0171783     0.430215      0.00000
      9.13978    0.0101229     0.289823      0.00000
      9.14264  -0.00491166     0.416829      0.00000
      9.14550   -0.0295367     0.650613      0.00000
      9.14835   -0.0160435     0.606603      0.00000
      9.15121    0.0281177     0.768442      0.00000
      9.15407    0.0750327     0.604653      0.00000
      9.15694    0.0743253     0.598219      0.00000
      9.15980    0.0468391     0.707385      0.00000
      9.16266    0.0453329     0.749366      0.00000
      9.16552    0.0275857     0.713004      0.00000
      9.16839    0.0128168     0.700724      0.00000
      9.17125   -0.0160554     0.658037      0.00000
      9.17412   -0.0222043     0.584706      0.00000
      9.17699   -0.0167948     0.606175      0.00000
      9.17986   -0.0184143     0.729739      0.00000
      9.18272  -0.00359216     0.636106      0.00000
      9.18560   0.00288057     0.535945      0.00000
      9.18847   0.00711328     0.306363      0.00000
      9.19134 -7.47365e-05     0.189723      0.00000
      9.19421  -0.00229747     0.358419      0.00000
      9.19708    0.0157415     0.598567      0.00000
      9.19996    0.0204775     0.648826      0.00000
      9.20283   0.00714237     0.588861      0.00000
      9.20571   -0.0226486     0.428764      0.00000
      9.20859   -0.0199126     0.486750      0.00000
      9.21147    0.0134513     0.557439      0.00000
      9.21434    0.0332238     0.458048      0.00000
      9.21723    0.0352368     0.528569      0.00000
      9.22011    0.0317129     0.561443      0.00000
      9.22299    0.0304211     0.385820      0.00000
      9.22587    0.0109871     0.313639      0.00000
      9.22875   -0.0279216     0.473069      0.00000
      9.23164   -0.0527951     0.509250      0.00000
      9.23452   -0.0457770     0.452075      0.00000
      9.23741   -0.0173787     0.491858      0.00000
      9.24030    0.0135143     0.562555      0.00000
      9.24319    0.0348433     0.579194      0.00000
      9.24607    0.0321472     0.519672      0.00000
      9.24896    0.0175217     0.658525      0.00000
      9.25185   0.00384603     0.660668      0.00000
      9.25475   0.00418682     0.550629      0.00000
      9.25764 -0.000610800     0.682928      0.00000
      9.26053   0.00173242     0.748082      0.00000
      9.26343  0.000946826     0.947223      0.00000
      9.26632   0.00955917     0.894144      0.00000
      9.26922   0.00356463     0.434109      0.00000
      9.27211   0.00126120     0.365988      0.00000
      9.27501  0.000447414     0.275075      0.00000
      9.27791   0.00852240     0.352332      0.00000
      9.28081    0.0258681     0.719002      0.00000
      9.28371    0.0372200     0.964702      0.00000
      9.28661    0.0167908     0.802420      0.00000
      9.28952  -0.00547399     0.727840      0.00000
      9.29242  -0.00648859     0.795274      0.00000
      9.29532    0.0273622     0.788830      0.00000
      9.29823    0.0469122     0.574713      0.00000
      9.30114    0.0355132     0.574980      0.00000
      9.30404   0.00769382     0.642856      0.00000
      9.30695  -0.00777619     0.399905      0.00000
      9.30986   -0.0110320     0.359739      0.00000
      9.31277   0.00265019     0.442732      0.00000
      9.31568   0.00830731     0.565863      0.00000
      9.31859   0.00250285     0.604885      0.00000
      9.32150  0.000226646     0.567854      0.00000
      9.32442    0.0174043     0.607322      0.00000
      9.32733    0.0322035     0.614372      0.00000
      9.33025    0.0388033     0.730306      0.00000
      9.33316    0.0260165     0.663229      0.00000
      9.33608    0.0236193     0.600814      0.00000
      9.33900    0.0270148     0.595696      0.00000
      9.34192    0.0321538     0.350921      0.00000
      9.34484    0.0375882     0.291772      0.00000
      9.34776    0.0340266     0.459462      0.00000
      9.35068    0.0329486     0.668190      0.00000
      9.35360    0.0286009     0.545410      0.00000
      9.35653    0.0232972     0.331594      0.00000
      9.35945    0.0182367     0.470458      0.00000
      9.36238    0.0266743     0.537200      0.00000
      9.36530    0.0272612     0.533830      0.00000
      9.36823    0.0172384     0.597283      0.00000
      9.37116   0.00577296     0.652606      0.00000
      9.37409    0.0119921     0.499315      0.00000
      9.37701    0.0195234     0.417602      0.00000
      9.37995    0.0111560     0.603553      0.00000
      9.38288  -0.00283746     0.656894      0.00000
      9.38581   0.00485022     0.684038      0.00000
      9.38874    0.0345217     0.638712      0.00000
      9.39168    0.0529510     0.557139      0.00000
      9.39461    0.0508338     0.656120      0.00000
      9.39755    0.0362084     0.753610      0.00000
      9.40049    0.0241647     0.677164      0.00000
      9.40343    0.0274678     0.640103      0.00000
      9.40636    0.0249667     0.544786      0.00000
      9.40930    0.0157124     0.433147      0.00000
      9.41225   0.00790033     0.336297      0.00000
      9.41519    0.0186310     0.420528      0.00000
      9.41813    0.0223764     0.580520      0.00000
      9.42107    0.0231091     0.533899      0.00000
      9.42402    0.0160997     0.532626      0.00000
      9.42696    0.0167297     0.438010      0.00000
      9.42991   0.00701595     0.415582      0.00000
      9.43286   0.00174839     0.495959      0.00000
      9.43581    0.0165139     0.385384      0.00000
      9.43876    0.0265611     0.445959      0.00000
      9.44170    0.0258899     0.882772      0.00000
      9.44466    0.0107352     0.715882      0.00000
      9.44761   0.00621991     0.478880      0.00000
      9.45056    0.0127666     0.601559      0.00000
      9.45351    0.0185994     0.705294      0.00000
      9.45647    0.0273404     0.744994      0.00000
      9.45942    0.0441243     0.511201      0.00000
      9.46238    0.0666497     0.674325      0.00000
      9.46534    0.0783321     0.749091      0.00000
      9.46830    0.0741164     0.540151      0.00000
      9.47126    0.0638130     0.492157      0.00000
      9.47422    0.0477964     0.716081      0.00000
      9.47718    0.0310547     0.959173      0.00000
      9.48014    0.0254602     0.945600      0.00000
      9.48310    0.0261039     0.724719      0.00000
      9.48607    0.0368507     0.578296      0.00000
      9.48903    0.0436228     0.535755      0.00000
      9.49200    0.0590421     0.495465      0.00000
      9.49496    0.0613001     0.521147      0.00000
