        1136           4           3
Mon Jul 11 16:09:24 2005
classB_77_86.fits
    lambda (um)    Flux (Jy)   Sigma (Jy)    AOT ident.
      7.14959    0.0139765      1.14931      7.00000
      7.15149   0.00819347      1.01984      7.00000
      7.15315    0.0157585      1.29841      7.00000
      7.15501    0.0257020      2.02074      7.00000
      7.15686    0.0273835      2.03294      7.00000
      7.15852    0.0185436      2.00438      7.00000
      7.16043   0.00800516      2.28407      7.00000
      7.16212   0.00830189      2.24902      7.00000
      7.16386    0.0130944      2.27031      7.00000
      7.16586    0.0131756      2.46426      7.00000
      7.16742   0.00893848      2.15894      7.00000
      7.16929 -0.000573767      2.29723      7.00000
      7.17119  -0.00319249      2.55545      7.00000
      7.17278   0.00384731      2.47142      7.00000
      7.17472    0.0117463      2.74070      7.00000
      7.17658    0.0149266      2.92043      7.00000
      7.17824   0.00497298      2.19413      7.00000
      7.18015  -0.00184467      2.46308      7.00000
      7.18184  0.000612411      2.35730      7.00000
      7.18358   0.00733111      1.98686      7.00000
      7.18559    0.0101419      2.29052      7.00000
      7.18732   0.00510750      1.73844      7.00000
      7.18903  -0.00119738      1.37450      7.00000
      7.19093  -0.00252756     0.966397      7.00000
      7.19260   0.00544552      1.40898      7.00000
      7.19446    0.0137193      2.79241      7.00000
      7.19632    0.0144184      2.62832      7.00000
      7.19799   0.00624886      1.91733      7.00000
      7.19990  -0.00185050      1.34682      7.00000
      7.20160  0.000478374     0.594557      7.00000
      7.20334   0.00918191      2.18510      7.00000
      7.20535    0.0108677      2.44708      7.00000
      7.20709   0.00521429      1.55939      7.00000
      7.20878  -0.00780650     0.858840      7.00000
      7.21069   -0.0131244      1.40969      7.00000
      7.21237  -0.00570963      2.45909      7.00000
      7.21423   0.00254919      2.47215      7.00000
      7.21618   0.00652670      1.88245      7.00000
      7.21777  -0.00297206      1.53920      7.00000
      7.21967   -0.0120284      2.18560      7.00000
      7.22155   -0.0103317      2.33980      7.00000
      7.22311 -0.000692857      2.94651      7.00000
      7.22513   0.00762514      2.53874      7.00000
      7.22689   0.00543198      1.63845      7.00000
      7.22856  -0.00606823      2.16845      7.00000
      7.23049  -0.00952714      2.63611      7.00000
      7.23235  -0.00193702      2.94914      7.00000
      7.23401   0.00838817      2.95974      7.00000
      7.23599   0.00807321      1.98284      7.00000
      7.23802  -0.00387349      1.80956      7.00000
      7.23947   -0.0117096      2.04664      7.00000
      7.24146  -0.00537205      2.22088      7.00000
      7.24321   0.00719120      2.62691      7.00000
      7.24494   0.00980054      2.68259      7.00000
      7.24692   0.00125389      2.04164      7.00000
      7.24837   -0.0102854      1.49752      7.00000
      7.25032  -0.00671931      1.66906      7.00000
      7.25236   0.00655081      2.36234      7.00000
      7.25383    0.0121269      2.86654      7.00000
      7.25583   0.00583180      2.88624      7.00000
      7.25784  -0.00773036      1.06541      7.00000
      7.25929  -0.00936326      1.47536      7.00000
      7.26131   0.00226960      1.85895      7.00000
      7.26331    0.0122129      2.22520      7.00000
      7.26495    0.0114299      2.43205      7.00000
      7.26683  0.000448310      1.79950      7.00000
      7.26877  -0.00562964      1.67628      7.00000
      7.27043  0.000578045      1.74059      7.00000
      7.27221   0.00903837      1.97037      7.00000
      7.27424   0.00954941      2.54043      7.00000
      7.27580   0.00493769      2.57690      7.00000
      7.27769  0.000153990      2.44584      7.00000
      7.27929  0.000379433      1.75074      7.00000
      7.28120   0.00254657      1.69528      7.00000
      7.28316   0.00276465      2.79880      7.00000
      7.28485   0.00498238      2.59400      7.00000
      7.28671   0.00359365      1.88829      7.00000
      7.28863  0.000509556      1.23766      7.00000
      7.29034  -0.00349517      1.05699      7.00000
      7.29207  -0.00627474      1.96336      7.00000
      7.29411  -0.00657930      2.09265      7.00000
      7.29588  -0.00486677      1.42864      7.00000
      7.29755  -0.00619432      1.48243      7.00000
      7.29949  -0.00596193      1.91852      7.00000
      7.30137  -0.00384389      1.94088      7.00000
      7.30303  -0.00171049      1.72751      7.00000
      7.30502  0.000698277      1.36162      7.00000
      7.30705  -0.00304295      1.09919      7.00000
      7.30851  -0.00582288      1.63789      7.00000
      7.31052  -0.00269186      1.99883      7.00000
      7.31254   0.00111759      2.72243      7.00000
      7.31418   0.00575250      1.97532      7.00000
      7.31607   0.00273966      1.08132      7.00000
      7.31802 -0.000254365      1.73148      7.00000
      7.31968   0.00341631      2.40229      7.00000
      7.32146    0.0125040      2.82001      7.00000
      7.32351    0.0220602      2.33745      7.00000
      7.32508    0.0235310     0.928473      7.00000
      7.32696    0.0155145      1.16262      7.00000
      7.32887   0.00523162      1.16772      7.00000
      7.33049   0.00394997      1.50329      7.00000
      7.33245   0.00866297      2.90769      7.00000
      7.33441    0.0133692      2.09468      7.00000
      7.33602   0.00801996      2.26550      7.00000
      7.33794  -0.00154680      2.36825      7.00000
      7.33982  -0.00500717      1.45721      7.00000
      7.34139   0.00224515      2.19757      7.00000
      7.34344    0.0132922      2.22957      7.00000
      7.34523    0.0169020      1.80372      7.00000
      7.34688   0.00434853      2.41112      7.00000
      7.34885  -0.00545884      2.40117      7.00000
      7.35075  -0.00302919      2.01634      7.00000
      7.35238    0.0105736      1.86835      7.00000
      7.35441    0.0177342     0.906033      7.00000
      7.35642    0.0100274      1.41870      7.00000
      7.35788  -0.00214334      1.91188      7.00000
      7.35993   0.00122139      1.70940      7.00000
      7.36192    0.0126262      2.64385      7.00000
      7.36360    0.0223335      2.10460      7.00000
      7.36549    0.0155511     0.723174      7.00000
      7.36742   0.00458593      1.05093      7.00000
      7.36913   0.00702936      1.26359      7.00000
      7.37087    0.0225372      3.05523      7.00000
      7.37293    0.0344687      2.41503      7.00000
      7.37471    0.0326373      1.68193      7.00000
      7.37638    0.0183913      1.20738      7.00000
      7.37834    0.0194000      1.51154      7.00000
      7.38024    0.0364258      2.88960      7.00000
      7.38188    0.0537856      2.23238      7.00000
      7.38391    0.0525462      1.95136      7.00000
      7.38593    0.0357541      1.41257      7.00000
      7.38740    0.0286268      1.02693      7.00000
      7.38945    0.0428522      2.32837      7.00000
      7.39144    0.0604654      2.69756      7.00000
      7.39312    0.0635979      2.20250      7.00000
      7.39502    0.0500250      1.79223      7.00000
      7.39695    0.0431809      1.36246      7.00000
      7.39866    0.0554211      2.28687      7.00000
      7.40041    0.0756458      2.87503      7.00000
      7.40247    0.0822390      2.73179      7.00000
      7.40426    0.0747983      2.74335      7.00000
      7.40593    0.0641168      2.74799      7.00000
      7.40789    0.0699233      2.12280      7.00000
      7.40980    0.0862763      2.76152      7.00000
      7.41144    0.0947866      2.19296      7.00000
      7.41348    0.0904474      2.02325      7.00000
      7.41550    0.0766004      1.51661      7.00000
      7.41696    0.0778602      1.94359      7.00000
      7.41903    0.0939458      2.73866      7.00000
      7.42102     0.105594      2.07632      7.00000
      7.42272     0.103488      2.68665      7.00000
      7.42461    0.0939192      1.62077      7.00000
      7.42654    0.0967299      1.61841      7.00000
      7.42838     0.113728      2.27600      7.00000
      7.43000     0.126532      2.92451      7.00000
      7.43207     0.124827      2.59444      7.00000
      7.43414     0.117060      1.87763      7.00000
      7.43582     0.117095      1.69877      7.00000
      7.43766     0.133047      1.65227      7.00000
      7.43957     0.146645      2.44064      7.00000
      7.44165     0.147202      2.55889      7.00000
      7.44338     0.138491      2.12329      7.00000
      7.44511     0.134399      1.38052      7.00000
      7.44704     0.143754      1.89763      7.00000
      7.44895     0.158993      2.19228      7.00000
      7.45064     0.165532      1.93220      7.00000
      7.45264     0.162603      1.75689      7.00000
      7.45471     0.158460     0.930993      7.00000
      7.45617     0.161956      1.10449      7.00000
      7.45821     0.171532      1.50780      7.00000
      7.46024     0.176805      2.50858      7.00000
      7.46190     0.176365      2.51954      7.00000
      7.46382     0.173032      1.87674      7.00000
      7.46577     0.172018      1.81964      7.00000
      7.46747     0.178616      1.66516      7.00000
      7.46924     0.185932      1.65599      7.00000
      7.47132     0.189191      2.22097      7.00000
      7.47310     0.190992      1.81257      7.00000
      7.47478     0.191731      2.08830      7.00000
      7.47675     0.197760      2.59813      7.00000
      7.47867     0.204533      1.84651      7.00000
      7.48031     0.206911      2.18536      7.00000
      7.48237     0.210332      2.00379      7.00000
      7.48439     0.211180      2.23203      7.00000
      7.48586     0.219390      1.69803      7.00000
      7.48809     0.231098      2.06795      7.00000
      7.48993     0.238183      3.08129      7.00000
      7.49178     0.242971      2.60911      7.00000
      7.49400     0.244066      2.14380      7.00000
      7.49548     0.253353      1.61619      7.00000
      7.49750     0.264558      1.79616      7.00000
      7.49956     0.273910      1.38805      7.00000
      7.50120     0.279266     0.968675      7.00000
      7.50313     0.280155     0.956709      7.00000
      7.50510     0.281432     0.915984      7.00000
      7.50679     0.284203     0.868826      7.00000
      7.50856     0.292783      1.97043      7.00000
      7.51066     0.298371      2.14702      7.00000
      7.51244     0.301901      1.40730      7.00000
      7.51412     0.304079      1.41837      7.00000
      7.51610     0.310888     0.918127      7.00000
      7.51803     0.320232      1.09509      7.00000
      7.51967     0.323407      1.63339      7.00000
      7.52174     0.326981      1.66437      7.00000
      7.52376     0.327415      1.32252      7.00000
      7.52555     0.330724     0.985803      7.00000
      7.52748     0.334643      1.20642      7.00000
      7.52931     0.336871      1.93726      7.00000
      7.53131     0.343647      2.06290      7.00000
      7.53339     0.348248      1.90473      7.00000
      7.53487     0.351950      1.35221      7.00000
      7.53691     0.359528      1.48792      7.00000
      7.53896     0.364120      2.63214      7.00000
      7.54062     0.373387      2.87281      7.00000
      7.54256     0.378265      2.59960      7.00000
      7.54451     0.382762      2.11445      7.00000
      7.54623     0.392836      1.89614      7.00000
      7.54798     0.400135      2.64064      7.00000
      7.55009     0.408699      2.98567      7.00000
      7.55202     0.412275      2.19821      7.00000
      7.55386     0.414532      1.58897      7.00000
      7.55570     0.422723      1.46182      7.00000
      7.55763     0.434116      2.38789      7.00000
      7.55973     0.446374      1.91465      7.00000
      7.56149     0.454483     0.964472      7.00000
      7.56321     0.456268      1.24900      7.00000
      7.56517     0.461698      1.59097      7.00000
      7.56711     0.473960      2.41318      7.00000
      7.56877     0.486113      3.10931      7.00000
      7.57083     0.492926      1.74000      7.00000
      7.57287     0.491768      1.38635      7.00000
      7.57466     0.494646      1.39770      7.00000
      7.57658     0.507267      2.09786      7.00000
      7.57844     0.522050      3.30986      7.00000
      7.58044     0.533249      2.14834      7.00000
      7.58253     0.532922      1.75804      7.00000
      7.58401     0.529909      1.59060      7.00000
      7.58606     0.532978      1.48152      7.00000
      7.58811     0.540421      2.18691      7.00000
      7.58979     0.549051      1.41786      7.00000
      7.59173     0.549671      1.75277      7.00000
      7.59368     0.546870      2.08216      7.00000
      7.59541     0.548844      1.69451      7.00000
      7.59746     0.555485      1.97132      7.00000
      7.59942     0.567140      1.50989      7.00000
      7.60124     0.574562      1.79196      7.00000
      7.60337     0.572952      2.27166      7.00000
      7.60505     0.574034      2.55191      7.00000
      7.60682     0.581132      3.33663      7.00000
      7.60895     0.591969      3.38387      7.00000
      7.61073     0.600021      2.42555      7.00000
      7.61242     0.594834      1.80619      7.00000
      7.61442     0.597288      2.23791      7.00000
      7.61637     0.604952      3.04594      7.00000
      7.61832     0.616032      2.64577      7.00000
      7.62024     0.623389      1.95341      7.00000
      7.62211     0.618802      1.51095      7.00000
      7.62407     0.621033      2.34224      7.00000
      7.62602     0.632956      2.73738      7.00000
      7.62769     0.648711      2.50352      7.00000
      7.62975     0.655662      1.33103      7.00000
      7.63180     0.647112      1.26407      7.00000
      7.63360     0.641195      1.94659      7.00000
      7.63553     0.649811      2.07301      7.00000
      7.63739     0.664762      2.63685      7.00000
      7.63934     0.671287      1.67314      7.00000
      7.64150     0.662635      1.14999      7.00000
      7.64299     0.652030      1.60575      7.00000
      7.64506     0.656238      1.72144      7.00000
      7.64710     0.667864      2.73205      7.00000
      7.64879     0.676674      1.84561      7.00000
      7.65086     0.672206      1.44833      7.00000
      7.65269     0.662083      2.08941      7.00000
      7.65460     0.661894      1.86370      7.00000
      7.65681     0.666464      2.33274      7.00000
      7.65846     0.672179      1.83185      7.00000
      7.66042     0.667599      1.78972      7.00000
      7.66240     0.655757      2.88368      7.00000
      7.66412     0.653493      2.89371      7.00000
      7.66618     0.659386      3.46684      7.00000
      7.66814     0.670202      3.48726      7.00000
      7.66998     0.671450      2.03495      7.00000
      7.67212     0.660754      2.67396      7.00000
      7.67380     0.656619      2.86406      7.00000
      7.67559     0.658654      3.39819      7.00000
      7.67773     0.665015      3.53627      7.00000
      7.67952     0.668542      2.61449      7.00000
      7.68150     0.665252      2.29264      7.00000
      7.68334     0.668397      2.67243      7.00000
      7.68518     0.677718      3.20783      7.00000
      7.68745     0.686649      3.19136      7.00000
      7.68921     0.688849      1.98883      7.00000
      7.69093     0.677125      2.16457      7.00000
      7.69292     0.672319      2.42885      7.00000
      7.69488     0.678410      2.65541      7.00000
      7.69684     0.688585      2.56963      7.00000
      7.69876     0.688162      2.09546      7.00000
      7.70065     0.676883      2.08212      7.00000
      7.70262     0.670858      1.87264      7.00000
      7.70459     0.677079      2.04211      7.00000
      7.70626     0.686536      2.37745      7.00000
      7.70834     0.686907      1.73508      7.00000
      7.71039     0.679687      1.14273      7.00000
      7.71221     0.672822      1.19335      7.00000
      7.71415     0.676624      1.48757      7.00000
      7.71600     0.684007      2.49115      7.00000
      7.71805     0.690521      1.50347      7.00000
      7.72013     0.687413      1.97217      7.00000
      7.72162     0.679822      2.71820      7.00000
      7.72385     0.682543      2.50090      7.00000
      7.72575     0.691796      2.36765      7.00000
      7.72765     0.710645      2.13228      7.00000
      7.72987     0.713016      2.87546      7.00000
      7.73137     0.704926      4.24307      7.00000
      7.73345     0.700256      3.33482      7.00000
      7.73549     0.703571      3.24212      7.00000
      7.73736     0.719272      2.18424      7.00000
      7.73930     0.724937      2.21592      7.00000
      7.74112     0.724593      2.61559      7.00000
      7.74318     0.729418      2.50210      7.00000
      7.74525     0.734311      3.71669      7.00000
      7.74694     0.746089      2.92170      7.00000
      7.74903     0.747583      2.39194      7.00000
      7.75087     0.748003      2.71728      7.00000
      7.75280     0.755063      2.37925      7.00000
      7.75501     0.762833      2.38858      7.00000
      7.75668     0.773463      1.90899      7.00000
      7.75866     0.776487      1.39324      7.00000
      7.76063     0.781167      1.66310      7.00000
      7.76254     0.790038      1.88281      7.00000
      7.76446     0.799002      2.90678      7.00000
      7.76643     0.805522      2.46166      7.00000
      7.76841     0.810102      2.29909      7.00000
      7.77040     0.813617      1.92639      7.00000
      7.77228     0.822719      1.53749      7.00000
      7.77421     0.826737      2.49958      7.00000
      7.77619     0.831484      2.53816      7.00000
      7.77816     0.834475      2.33715      7.00000
      7.78017     0.840135      2.51758      7.00000
      7.78188     0.845849      3.15992      7.00000
      7.78396     0.846235      2.15078      7.00000
      7.78595     0.844091      1.73615      7.00000
      7.78781     0.846207      1.30753      7.00000
      7.78994     0.853765      1.62037      7.00000
      7.79165     0.863790      1.03781      7.00000
      7.79373     0.862971      2.42053      7.00000
      7.79572     0.855889      3.56601      7.00000
      7.79758     0.856349      3.26963      7.00000
      7.79972     0.864366      3.26095      7.00000
      7.80142     0.883816      2.90630      7.00000
      7.80320     0.887556      2.79244      7.00000
      7.80549     0.884201      4.32134      7.00000
      7.80735     0.877137      3.10025      7.00000
      7.80920     0.879226      1.88728      7.00000
      7.81120     0.898069      2.60009      7.00000
      7.81298     0.910525      3.69197      7.00000
      7.81528     0.911464      3.87646      7.00000
      7.81713     0.901293      1.99530      7.00000
      7.81898     0.899959      2.12027      7.00000
      7.82099     0.922250      3.40090      7.00000
      7.82277     0.946093      4.59220      7.00000
      7.82507     0.948678      4.68879      7.00000
      7.82692     0.929011      3.00079      7.00000
      7.82877     0.913348      1.98266      7.00000
      7.83078     0.933154      4.01444      7.00000
      7.83257     0.965649      4.72812      7.00000
      7.83486     0.978297      3.60631      7.00000
      7.83671     0.958711      3.48319      7.00000
      7.83857     0.936679      2.50125      7.00000
      7.84058     0.944461      3.60878      7.00000
      7.84237     0.975311      4.07369      7.00000
      7.84466     0.990385      3.56301      7.00000
      7.84652     0.972229      4.12157      7.00000
      7.84837     0.940072      2.58365      7.00000
      7.85038     0.934965      2.25874      7.00000
      7.85217     0.962181      4.38988      7.00000
      7.85447     0.983320      3.81526      7.00000
      7.85633     0.977074      3.06860      7.00000
      7.85818     0.947990      2.56777      7.00000
      7.86019     0.937014      2.31527      7.00000
      7.86198     0.959778      3.70111      7.00000
      7.86428     0.991023      2.65268      7.00000
      7.86615      1.00000      1.48479      7.00000
      7.86800     0.965439      2.65711      7.00000
      7.87001     0.927550      4.10631      7.00000
      7.87179     0.919913      4.66396      7.00000
      7.87410     0.940253      3.39408      7.00000
      7.87597     0.957232      2.19478      7.00000
      7.87782     0.935401      4.23585      7.00000
      7.87983     0.910793      4.44567      7.00000
      7.88192     0.902919      3.31576      7.00000
      7.88392     0.922863      3.04314      7.00000
      7.88580     0.939424      2.71734      7.00000
      7.88795     0.928451      3.32361      7.00000
      7.88966     0.907036      3.57535      7.00000
      7.89175     0.889136      3.87939      7.00000
      7.89375     0.894881      3.54690      7.00000
      7.89564     0.909685      2.85512      7.00000
      7.89778     0.914591      2.65336      7.00000
      7.89949     0.903527      3.07957      7.00000
      7.90159     0.881191      3.56650      7.00000
      7.90359     0.869625      3.10233      7.00000
      7.90549     0.875167      2.30898      7.00000
      7.90761     0.883362      2.07263      7.00000
      7.90951     0.877924      2.37727      7.00000
      7.91144     0.854865      3.04415      7.00000
      7.91343     0.835136      1.53550      7.00000
      7.91544     0.832051      2.14024      7.00000
      7.91744     0.845297      1.97565      7.00000
      7.91937     0.852468      2.43156      7.00000
      7.92129     0.837059      3.82060      7.00000
      7.92328     0.807048      3.26855      7.00000
      7.92539     0.788718      2.34706      7.00000
      7.92728     0.796662      2.29255      7.00000
      7.92924     0.814017      2.01990      7.00000
      7.93145     0.811247      2.60777      7.00000
      7.93314     0.783658      4.47284      7.00000
      7.93525     0.755423      2.95404      7.00000
      7.93712     0.750771      2.70891      7.00000
      7.93911     0.777608      3.41307      7.00000
      7.94129     0.789304      4.04895      7.00000
      7.94318     0.775871      5.21490      7.00000
      7.94512     0.735900      2.21184      7.00000
      7.94697     0.717289      3.53254      7.00000
      7.94918     0.736323      5.19425      7.00000
      7.95114     0.757496      3.35371      7.00000
      7.95307     0.755340      3.53827      7.00000
      7.95531     0.714003      3.50557      7.00000
      7.95683     0.689074      3.71833      7.00000
      7.95907     0.701952      4.36776      7.00000
      7.96099     0.733516      3.60892      7.00000
      7.96296     0.735470      3.29370      7.00000
      7.96519     0.699566      3.22934      7.00000
      7.96703     0.662950      2.06147      7.00000
      7.96895     0.663970      2.68212      7.00000
      7.97085     0.687559      4.35382      7.00000
      7.97304     0.702655      2.09565      7.00000
      7.97503     0.683213      2.59864      7.00000
      7.97692     0.648812      3.67702      7.00000
      7.97903     0.633784      2.22656      7.00000
      7.98103     0.647418      3.02091      7.00000
      7.98295     0.669192      1.63096      7.00000
      7.98489     0.662100      2.22564      7.00000
      7.98700     0.632861      3.11677      7.00000
      7.98892     0.605595      2.44017      7.00000
      7.99093     0.603984      2.74942      7.00000
      7.99304     0.618995      1.87847      7.00000
      7.99476     0.627975      2.05511      7.00000
      7.99691     0.617953      2.00348      7.00000
      7.99881     0.591182      3.78096      7.00000
      8.00084     0.569372      3.26775      7.00000
      8.00293     0.568295      2.61050      7.00000
      8.00497     0.579454      2.21040      7.00000
      8.00683     0.585060      1.30921      7.00000
      8.00870     0.567852      1.98513      7.00000
      8.01113     0.544741      3.22748      7.00000
      8.01303     0.532005      2.62745      7.00000
      8.01488     0.536526      2.24741      7.00000
      8.01691     0.547881      1.28301      7.00000
      8.01902     0.544246      1.14090      7.00000
      8.02104     0.525130      3.43901      7.00000
      8.02296     0.504902      2.04388      7.00000
      8.02508     0.501809      1.34503      7.00000
      8.02702     0.520932      2.74163      7.00000
      8.02894     0.530454      2.56394      7.00000
      8.03095     0.515409      4.15516      7.00000
      8.03307     0.485229      1.57768      7.00000
      8.03497     0.472144      1.70249      7.00000
      8.03697     0.490118      2.77113      7.00000
      8.03915     0.503486      2.80208      7.00000
      8.04107     0.492937      3.55377      7.00000
      8.04301     0.458323      1.95412      7.00000
      8.04486     0.438941      1.35089      7.00000
      8.04710     0.445385      2.37278      7.00000
      8.04904     0.461523      2.18621      7.00000
      8.05111     0.458365      2.42200      7.00000
      8.05322     0.434977      2.92162      7.00000
      8.05511     0.411886      1.92938      7.00000
      8.05724     0.409497      2.61490      7.00000
      8.05925     0.421587      3.62537      7.00000
      8.06117     0.426676      2.25947      7.00000
      8.06312     0.412303      1.76618      7.00000
      8.06524     0.384934      2.09685      7.00000
      8.06717     0.368832      2.13228      7.00000
      8.06920     0.371525      2.52958      7.00000
      8.07131     0.382540      2.19434      7.00000
      8.07335     0.381922      2.38343      7.00000
      8.07521     0.367224      2.37453      7.00000
      8.07710     0.345086      2.00683      7.00000
      8.07955     0.333101      1.77106      7.00000
      8.08145     0.332874      2.02161      7.00000
      8.08331     0.333532      2.01806      7.00000
      8.08534     0.325103      2.33204      7.00000
      8.08746     0.307000      2.22981      7.00000
      8.08949     0.298423      2.96763      7.00000
      8.09151     0.303917      2.68728      7.00000
      8.09354     0.311118      2.49192      7.00000
      8.09551     0.312807      2.06613      7.00000
      8.09774     0.293912      2.24761      7.00000
      8.09963     0.274711      3.32631      7.00000
      8.10158     0.261334      2.00372      7.00000
      8.10346     0.269779      1.62627      7.00000
      8.10568     0.285302      2.19032      7.00000
      8.10765     0.285451      1.73009      7.00000
      8.10971     0.266152      2.76933      7.00000
      8.11184     0.245059      1.44762      7.00000
      8.11374     0.245324      1.50091      7.00000
      8.11587     0.261179      2.07706      7.00000
      8.11789     0.265226      2.23401      7.00000
      8.11981     0.250457      3.19284      7.00000
      8.12177     0.230201      1.83060      7.00000
      8.12390     0.226104      1.62283      7.00000
      8.12584     0.237618      2.64907      7.00000
      8.12796     0.244972      2.72668      7.00000
      8.12997     0.235534      2.17309      7.00000
      8.13204     0.215274      1.83439      7.00000
      8.13409     0.202495      1.97018      7.00000
      8.13612     0.206439      2.76630      7.00000
      8.13825     0.211721      2.68445      7.00000
      8.14018     0.205040      2.00518      7.00000
      8.14233     0.186644      1.71426      7.00000
      8.14428     0.171800      1.22602      7.00000
      8.14620     0.170251      1.71654      7.00000
      8.14822     0.175871      1.41659      7.00000
      8.15036     0.177222      1.39242      7.00000
      8.15227     0.164976      2.01693      7.00000
      8.15440     0.147830      1.56216      7.00000
      8.15646     0.134351      1.62047      7.00000
      8.15853     0.135629      1.31624      7.00000
      8.16066     0.138095      1.76618      7.00000
      8.16257     0.135316      2.31350      7.00000
      8.16471     0.126929      2.07548      7.00000
      8.16673     0.116453      3.09126      7.00000
      8.16865     0.119195      3.45563      7.00000
      8.17061     0.118881      2.53133      7.00000
      8.17276     0.121085      2.70316      7.00000
      8.17469     0.113158      2.46993      7.00000
      8.17684     0.100600      3.06280      7.00000
      8.17906    0.0905820      2.48433      7.00000
      8.18092    0.0879621      2.20991      7.00000
      8.18293    0.0964419      3.46484      7.00000
      8.18512     0.100597      2.03328      7.00000
      8.18727    0.0923645      1.62970      7.00000
      8.18918    0.0749992      2.44344      7.00000
      8.19122    0.0690590      1.59452      7.00000
      8.19322    0.0778017      1.56095      7.00000
      8.19543    0.0901979      2.15243      7.00000
      8.19737    0.0850283      2.92773      7.00000
      8.19931    0.0659839      2.54592      7.00000
      8.20150    0.0479894      1.35068      7.00000
      8.20344    0.0459888      1.58728      7.00000
      8.20538    0.0566461      2.39857      7.00000
      8.20759    0.0654658      1.23360      7.00000
      8.20959    0.0582361      1.88432      7.00000
      8.21164    0.0413313      2.47360      7.00000
      8.21367    0.0326772      1.28550      7.00000
      8.21580    0.0395916      1.11118      7.00000
      8.21784    0.0515875     0.944773      7.00000
      8.21991    0.0497933      1.73641      7.00000
      8.22197    0.0350910      2.82934      7.00000
      8.22402    0.0178749      1.43112      7.00000
      8.22614    0.0143584      1.25373      7.00000
      8.22818    0.0260004      2.11079      7.00000
      8.23023    0.0365744      1.69982      7.00000
      8.23224    0.0373610      1.36951      7.00000
      8.23445    0.0229076      1.47941      7.00000
      8.23640    0.0131854      1.47210      7.00000
      8.23833    0.0141902      1.69051      7.00000
      8.24054    0.0256076      1.44638      7.00000
      8.24248    0.0338034      1.11686      7.00000
      8.24473    0.0251934      1.97356      7.00000
      8.24665   0.00813419      2.78711      7.00000
      8.24863  -0.00353180      1.91621      7.00000
      8.25077   0.00510286      1.84843      7.00000
      8.25273    0.0215344      2.36095      7.00000
      8.25488    0.0234636      2.04154      7.00000
      8.25712   0.00825435      1.91764      7.00000
      8.25899   -0.0105495      1.54150      7.00000
      8.26104  -0.00753670      2.17358      7.00000
      8.26318    0.0120143      2.23637      7.00000
      8.26523    0.0274401      1.43243      7.00000
      8.26730    0.0217759      1.67802      7.00000
      8.26931   0.00261272      1.92429      7.00000
      8.27144  -0.00772909      1.55702      7.00000
      8.27353 -0.000426680      2.08077      7.00000
      8.27561    0.0110938      1.62882      7.00000
      8.27774    0.0155295      1.46649      7.00000
      8.27975   0.00608007      1.40151      7.00000
      8.28182  -0.00614520      1.80000      7.00000
      8.28387   -0.0128059      1.30079      7.00000
      8.28601  -0.00753291      1.78552      7.00000
      8.28807   0.00318425      2.02166      7.00000
      8.28994   0.00646470     0.909201      7.00000
      8.29219  -0.00206715      1.17124      7.00000
      8.29434   -0.0146065      1.09419      7.00000
      8.29638   -0.0181915     0.919842      7.00000
      8.29845  -0.00838855      1.26345      7.00000
      8.30045   0.00263951      1.40513      7.00000
      8.30267   0.00200532     0.952045      7.00000
      8.30463   -0.0144909      2.07796      7.00000
      8.30657   -0.0320700      1.48529      7.00000
      8.30880   -0.0329622      1.35375      7.00000
      8.31074   -0.0116354      3.77702      7.00000
      8.31300   0.00581049      2.72372      7.00000
      8.31492   0.00545531      2.45651      7.00000
      8.31721   -0.0139504      1.84752      7.00000
      8.31906   -0.0226233      2.66690      7.00000
      8.32101  -0.00921941      3.30953      7.00000
      8.32350    0.0102012      1.97752      7.00000
      8.32545    0.0219112      1.81637      7.00000
      8.32731    0.0114350      2.23741      7.00000
      8.32960  -0.00183913      1.78290      7.00000
      8.33152   -0.0124660      1.88128      7.00000
      8.33379  -0.00643904      1.11694      7.00000
      8.33573   0.00985253      1.63725      7.00000
      8.33797    0.0244603      1.60251      7.00000
      8.33990    0.0227149      2.86658      7.00000
      8.34218    0.0100933      2.49161      7.00000
      8.34409   0.00579153      1.49073      7.00000
      8.34639    0.0232922      2.69240      7.00000
      8.34825    0.0428135      2.63654      7.00000
      8.35021    0.0464168      2.45984      7.00000
      8.35274    0.0260740      2.20095      7.00000
      8.35466  0.000761102      3.23455      7.00000
      8.35651  -0.00133813      1.84356      7.00000
      8.35881    0.0175209      2.65744      7.00000
      8.36073    0.0408101      2.00241      7.00000
      8.36301    0.0382018      1.90682      7.00000
      8.36495    0.0152498      2.02330      7.00000
      8.36718  -0.00312592      1.52710      7.00000
      8.36913   0.00225740      2.18756      7.00000
      8.37141    0.0211435      1.98958      7.00000
      8.37333    0.0296231      1.07992      7.00000
      8.37563    0.0178635      1.57742      7.00000
      8.37749  0.000460754      1.46555      7.00000
      8.37976  -0.00322868      1.47859      7.00000
      8.38194   0.00543392      1.39190      7.00000
      8.38397    0.0184450     0.765098      7.00000
      8.38607    0.0190337     0.981368      7.00000
      8.38814    0.0108208      1.44630      7.00000
      8.39030  -0.00200906      1.27837      7.00000
      8.39228 -0.000709238      1.81589      7.00000
      8.39453    0.0112650      2.30745      7.00000
      8.39647    0.0277035      1.20409      7.00000
      8.39841    0.0307678      1.03170      7.00000
      8.40069    0.0174408      1.96459      7.00000
      8.40261   0.00321449      1.95316      7.00000
      8.40491   0.00182484      1.55501      7.00000
      8.40678    0.0206227      1.50470      7.00000
      8.40907    0.0419581      1.50982      7.00000
      8.41122    0.0444214      2.23941      7.00000
      8.41328    0.0291130      2.66387      7.00000
      8.41534    0.0157893      1.25808      7.00000
      8.41747    0.0243155      1.90808      7.00000
      8.41957    0.0413462      1.72325      7.00000
      8.42168    0.0453974      1.26659      7.00000
      8.42381    0.0304851      1.83378      7.00000
      8.42587    0.0161744      1.11386      7.00000
      8.42793    0.0178930      1.52252      7.00000
      8.43009    0.0310000      1.21061      7.00000
      8.43238    0.0430864     0.423839      7.00000
      8.43425    0.0439128     0.325346      7.00000
      8.43656    0.0383628      1.21575      7.00000
      8.43848    0.0311332      1.63299      7.00000
      8.44077    0.0286052      1.15392      7.00000
      8.44271    0.0373318      1.60470      7.00000
      8.44498    0.0506820      1.14067      7.00000
      8.44691    0.0608072      1.32595      7.00000
      8.44921    0.0571677      1.50414      7.00000
      8.45113    0.0469694      1.94192      7.00000
      8.45345    0.0445947      1.69892      7.00000
      8.45531    0.0534805      1.68495      7.00000
      8.45761    0.0678553      1.11745      7.00000
      8.45978    0.0694382      1.67245      7.00000
      8.46184    0.0605601      2.11601      7.00000
      8.46392    0.0498997      1.46415      7.00000
      8.46603    0.0580203      2.10455      7.00000
      8.46816    0.0742205      2.61048      7.00000
      8.47026    0.0879916      1.86523      7.00000
      8.47240    0.0826152      1.99251      7.00000
      8.47446    0.0751231      1.58964      7.00000
      8.47653    0.0786166      1.56865      7.00000
      8.47869    0.0942915      1.14806      7.00000
      8.48100     0.108120     0.587142      7.00000
      8.48287     0.107962     0.899962      7.00000
      8.48519     0.102916     0.891873      7.00000
      8.48711    0.0967883      1.66912      7.00000
      8.48942     0.100655      2.40881      7.00000
      8.49135     0.111974      2.22086      7.00000
      8.49363     0.129058      1.77854      7.00000
      8.49556     0.142387      1.30989      7.00000
      8.49787     0.141897      1.46820      7.00000
      8.49979     0.135187      1.50783      7.00000
      8.50212     0.134181      1.23798      7.00000
      8.50399     0.149254      1.68596      7.00000
      8.50630     0.171759      1.16969      7.00000
      8.50844     0.181444      1.38448      7.00000
      8.51055     0.177037      1.97752      7.00000
      8.51258     0.176253      1.88763      7.00000
      8.51476     0.191942      2.38353      7.00000
      8.51714     0.215431      3.67117      7.00000
      8.51900     0.223322      2.25179      7.00000
      8.52139     0.216763      1.24399      7.00000
      8.52326     0.205983      1.07665      7.00000
      8.52556     0.207003      1.47952      7.00000
      8.52772     0.217442      1.68733      7.00000
      8.52981     0.231196      1.96791      7.00000
      8.53191     0.242216      1.70006      7.00000
      8.53403     0.244107      2.36602      7.00000
      8.53615     0.242793      2.07067      7.00000
      8.53827     0.240937      1.03586      7.00000
      8.54040     0.250049      1.61933      7.00000
      8.54249     0.260001      1.23651      7.00000
      8.54455     0.267931      1.80471      7.00000
      8.54674     0.264450      3.12708      7.00000
      8.54911     0.261743      2.45915      7.00000
      8.55092     0.262744      2.13859      7.00000
      8.55332     0.278390      2.45737      7.00000
      8.55549     0.291402      2.48621      7.00000
      8.55757     0.302278      1.90108      7.00000
      8.55974     0.296219      1.84482      7.00000
      8.56180     0.291030      2.51583      7.00000
      8.56389     0.295369      2.87443      7.00000
      8.56605     0.309038      2.12431      7.00000
      8.56838     0.323437      2.15871      7.00000
      8.57025     0.326773      1.84367      7.00000
      8.57259     0.332157      1.50506      7.00000
      8.57451     0.338904      1.48675      7.00000
      8.57689     0.346248      1.57839      7.00000
      8.57877     0.353459      1.72590      7.00000
      8.58113     0.361622      1.56442      7.00000
      8.58324     0.369017      2.24518      7.00000
      8.58539     0.367828      2.15403      7.00000
      8.58772     0.364157      2.07717      7.00000
      8.58959     0.370605      1.52171      7.00000
      8.59194     0.387417      1.60653      7.00000
      8.59386     0.404005     0.962358      7.00000
      8.59620     0.403175      2.07635      7.00000
      8.59812     0.392069      1.83241      7.00000
      8.60048     0.386565      1.18299      7.00000
      8.60237     0.399947      1.62332      7.00000
      8.60475     0.418640      1.60929      7.00000
      8.60709     0.425766      1.95506      7.00000
      8.60896     0.416123      1.79187      7.00000
      8.61131     0.406407      1.69918      7.00000
      8.61323     0.413638      1.98436      7.00000
      8.61557     0.431188      2.25117      7.00000
      8.61750     0.446186      2.07757      7.00000
      8.61986     0.445500      1.91917      7.00000
      8.62174     0.436180      1.82928      7.00000
      8.62413     0.429905      1.53571      7.00000
      8.62648     0.434462      1.89990      7.00000
      8.62835     0.444594      1.88910      7.00000
      8.63070     0.454846     0.897800      7.00000
      8.63262     0.452261      1.72600      7.00000
      8.63501     0.445678      2.66945      7.00000
      8.63690     0.436494      2.26955      7.00000
      8.63926     0.436380      2.46749      7.00000
      8.64139     0.450734      3.02289      7.00000
      8.64354     0.464182      1.98605      7.00000
      8.64588     0.468499      1.56105      7.00000
      8.64776     0.454149      2.46979      7.00000
      8.65012     0.448666      2.29839      7.00000
      8.65203     0.457474      1.80224      7.00000
      8.65444     0.472634      2.01442      7.00000
      8.65631     0.477321      2.96183      7.00000
      8.65869     0.473463      2.01291      7.00000
      8.66080     0.464360      2.08008      7.00000
      8.66297     0.456365      1.66147      7.00000
      8.66531     0.455555      1.81391      7.00000
      8.66719     0.464998      1.83305      7.00000
      8.66960     0.478008      1.24874      7.00000
      8.67147     0.479383      1.83117      7.00000
      8.67388     0.469420      2.29719      7.00000
      8.67605     0.459049      1.26622      7.00000
      8.67813     0.458732      1.53063      7.00000
      8.68023     0.469183      1.46925      7.00000
      8.68242     0.473808      1.33891      7.00000
      8.68481     0.466683      1.77196      7.00000
      8.68664     0.452928     0.936734      7.00000
      8.68907     0.446938      1.49623      7.00000
      8.69122     0.455001      3.21413      7.00000
      8.69335     0.462045      2.86304      7.00000
      8.69548     0.462599      2.50777      7.00000
      8.69760     0.450388      1.77687      7.00000
      8.70000     0.440871      1.87007      7.00000
      8.70189     0.434330      1.98604      7.00000
      8.70429     0.436126      2.72857      7.00000
      8.70639     0.440229      2.62556      7.00000
      8.70855     0.440464      1.76673      7.00000
      8.71098     0.432685      1.56516      7.00000
      8.71284     0.422615      2.00004      7.00000
      8.71527     0.419263      1.76533      7.00000
      8.71714     0.424273     0.810499      7.00000
      8.71950     0.430911      1.83333      7.00000
      8.72166     0.429907      2.69213      7.00000
      8.72379     0.418507      1.67509      7.00000
      8.72618     0.401878      2.26776      7.00000
      8.72806     0.395754      2.15940      7.00000
      8.73052     0.396717      2.01989      7.00000
      8.73239     0.401357      2.02165      7.00000
      8.73476     0.391897      2.60894      7.00000
      8.73714     0.381257      2.62776      7.00000
      8.73901     0.369056      2.10175      7.00000
      8.74147     0.366849      2.72368      7.00000
      8.74335     0.369466      2.78667      7.00000
      8.74574     0.374684      1.41746      7.00000
      8.74787     0.374089      1.29376      7.00000
      8.75004     0.361966      1.39628      7.00000
      8.75241     0.346910      2.50224      7.00000
      8.75428     0.343304      1.73862      7.00000
      8.75672     0.350715      1.66831      7.00000
      8.75858     0.355845      1.49895      7.00000
      8.76101     0.345083      1.82549      7.00000
      8.76316     0.328963      2.01112      7.00000
      8.76528     0.317198      1.89671      7.00000
      8.76770     0.316443      1.69265      7.00000
      8.76958     0.315905      1.85399      7.00000
      8.77200     0.307714      2.26413      7.00000
      8.77410     0.292361      2.28034      7.00000
      8.77628     0.275266      1.99128      7.00000
      8.77872     0.266386      1.51104      7.00000
      8.78057     0.262237      1.37445      7.00000
      8.78299     0.261788     0.964044      7.00000
      8.78488     0.260986      1.07534      7.00000
      8.78726     0.255220      1.81653      7.00000
      8.78969     0.244439      2.79322      7.00000
      8.79157     0.234190      2.06516      7.00000
      8.79401     0.228422      1.66196      7.00000
      8.79590     0.228641      1.50345      7.00000
      8.79832     0.222482      2.08964      7.00000
      8.80070     0.213472      1.81794      7.00000
      8.80258     0.200171      2.15297      7.00000
      8.80502     0.195217      2.04225      7.00000
      8.80688     0.198590      1.87389      7.00000
      8.80933     0.209970      1.87374      7.00000
      8.81147     0.212263      1.92936      7.00000
      8.81361     0.203058      1.55680      7.00000
      8.81603     0.186780      1.10797      7.00000
      8.81792     0.176533      1.74439      7.00000
      8.82034     0.178120      2.45393      7.00000
      8.82276     0.186423      1.75536      7.00000
      8.82464     0.194040      1.05204      7.00000
      8.82711     0.188243      1.97405      7.00000
      8.82898     0.176489      2.20506      7.00000
      8.83138     0.168514      1.03482      7.00000
      8.83378     0.170692     0.755677      7.00000
      8.83565     0.175005     0.906537      7.00000
      8.83812     0.171925     0.818802      7.00000
      8.84000     0.158977      1.38915      7.00000
      8.84242     0.143270      1.16153      7.00000
      8.84453     0.136512     0.968346      7.00000
      8.84673     0.138570      1.22399      7.00000
      8.84916     0.143268      1.73115      7.00000
      8.85099     0.142950      1.66251      7.00000
      8.85346     0.133801      2.03401      7.00000
      8.85591     0.123379      2.16412      7.00000
      8.85777     0.112947      1.77066      7.00000
      8.86022     0.114563      2.03092      7.00000
      8.86211     0.119026      2.13244      7.00000
      8.86449     0.122669      1.76209      7.00000
      8.86692     0.116641      1.47535      7.00000
      8.86882     0.102505      1.54852      7.00000
      8.87127    0.0878708     0.724332      7.00000
      8.87341    0.0869121      1.55853      7.00000
      8.87559    0.0956310      2.01421      7.00000
      8.87803     0.102272      1.12530      7.00000
      8.87986    0.0904704      1.43029      7.00000
      8.88233    0.0713343      1.83042      7.00000
      8.88448    0.0592222      1.18514      7.00000
      8.88665    0.0641327      1.48706      7.00000
      8.88911    0.0741174      1.29824      7.00000
      8.89095    0.0792039      1.01432      7.00000
      8.89338    0.0698885      1.09801      7.00000
      8.89583    0.0559796      1.98960      7.00000
      8.89771    0.0456889      1.26001      7.00000
      8.90017    0.0486244      1.16963      7.00000
      8.90205    0.0579135      1.55524      7.00000
      8.90450    0.0619589      2.06801      7.00000
      8.90694    0.0584841      1.55067      7.00000
      8.90877    0.0461971      1.87614      7.00000
      8.91124    0.0414758      1.55872      7.00000
      8.91371    0.0443455      1.19851      7.00000
      8.91557    0.0582043      1.28386      7.00000
      8.91804    0.0663150     0.843391      7.00000
      8.91991    0.0613212     0.940604      7.00000
      8.92232    0.0416504      1.59939      7.00000
      8.92480    0.0238111      1.90847      7.00000
      8.92665    0.0227675      2.01727      7.00000
      8.92912    0.0411221      1.72584      7.00000
      8.93126    0.0586551     0.974860      7.00000
      8.93345    0.0565726      1.15579      7.00000
      8.93589    0.0391310      1.90595      7.00000
      8.93773    0.0277432      1.66782      7.00000
      8.94021    0.0324923      2.44308      7.00000
      8.94268    0.0470513      2.46039      7.00000
      8.94454    0.0532804      1.04829      7.00000
      8.94700    0.0479856     0.780769      7.00000
      8.94915    0.0297082      1.84449      7.00000
      8.95129    0.0124144      2.34713      7.00000
      8.95378   0.00489904      1.72423      7.00000
      8.95566    0.0186790      2.16249      7.00000
      8.95810    0.0372730      1.62821      7.00000
      8.96056    0.0451003     0.971314      7.00000
      8.96244    0.0270887      2.22454      7.00000
      8.96489   0.00597605      2.32038      7.00000
      8.96734  -0.00128441      1.78174      7.00000
      8.96921    0.0141725      1.37280      7.00000
      8.97171    0.0354215      1.55411      7.00000
      8.97358    0.0437347      1.26023      7.00000
      8.97601    0.0294655      2.38789      7.00000
      8.97847   0.00698554      2.72656      7.00000
      8.98031  -0.00687233      2.76011      7.00000
      8.98281   0.00522219      2.59705      7.00000
      8.98531    0.0208979      2.27435      7.00000
      8.98713    0.0326672      1.03331      7.00000
      8.98959    0.0219202      1.45796      7.00000
      8.99206   0.00237187      3.14577      7.00000
      8.99394   -0.0143974      1.73030      7.00000
      8.99641   -0.0110911      1.11289      7.00000
      8.99829    0.0106622      2.70536      7.00000
      9.00076    0.0271945      1.97600      7.00000
      9.00321    0.0268548      1.73349      7.00000
      9.00505   0.00657397      2.17821      7.00000
      9.00754   -0.0107688      1.19804      7.00000
      9.01002   -0.0152157     0.980001      7.00000
      9.01189   0.00184652      2.24231      7.00000
      9.01436    0.0211756      1.10652      7.00000
      9.01652    0.0276934      1.29246      7.00000
      9.01866    0.0106507      2.01401      7.00000
      9.02117   -0.0117850      1.59320      7.00000
      9.02304   -0.0170319      1.42216      7.00000
      9.02550   0.00510927      2.65409      7.00000
      9.02796    0.0344154      2.14286      7.00000
      9.02985    0.0412290      1.98434      7.00000
      9.03231    0.0181308      2.72918      7.00000
      9.03480  -0.00954362      1.68704      7.00000
      9.03665   -0.0169319      1.10509      7.00000
      9.03915  0.000339915      1.92930      7.00000
      9.04161    0.0226512     0.876771      7.00000
      9.04346    0.0335629     0.629733      7.00000
      9.04594    0.0199003      2.42980      7.00000
      9.04844  -0.00220796      2.08661      7.00000
      9.05030   -0.0171103      1.29838      7.00000
      9.05278  -0.00671071      2.00504      7.00000
      9.05493    0.0125494      1.69508      7.00000
      9.05709    0.0177403      1.18389      7.00000
      9.05960   0.00407446      2.52175      7.00000
      9.06147   -0.0188899      1.67729      7.00000
      9.06394   -0.0273783      1.03541      7.00000
      9.06641   -0.0205156      2.18240      7.00000
      9.06829   0.00338651      2.08644      7.00000
      9.07076    0.0234706      2.39417      7.00000
      9.07325    0.0250130      2.34115      7.00000
      9.07511   0.00296511      2.03616      7.00000
      9.07761   -0.0214420      2.22972      7.00000
      9.08008   -0.0258897      2.08957      7.00000
      9.08192  -0.00682647      1.94379      7.00000
      9.08442    0.0172821      1.77444      7.00000
      9.08694    0.0239166      1.22021      7.00000
      9.08878   0.00594817      2.13697      7.00000
      9.09127   -0.0180420      1.23412      7.00000
      9.09374   -0.0248321      1.35633      7.00000
      9.09559  -0.00767268      2.36831      7.00000
      9.09810    0.0199803      2.25103      7.00000
      9.10061    0.0377322      2.33696      7.00000
      9.10245    0.0307929      2.09183      7.00000
      9.10492   0.00496530      2.51943      7.00000
      9.10738   -0.0123270      1.63836      7.00000
      9.10929  -0.00335044      1.73577      7.00000
      9.11178    0.0250831      2.34261      7.00000
      9.11399    0.0486304      1.86729      7.00000
      9.11615    0.0434090      1.83554      7.00000
      9.11862    0.0148953      3.72993      7.00000
      9.12110  -0.00974955      2.16271      7.00000
      9.12297  -0.00856002      1.81431      7.00000
      9.12549    0.0161436      2.04838      7.00000
      9.12766    0.0346434      1.86098      7.00000
      9.12982    0.0339038      1.75177      7.00000
      9.13231    0.0148211      2.32792      7.00000
      9.13450   -0.0101521      2.01099      7.00000
      9.13668   -0.0202018      2.40588      7.00000
      9.13918  -0.00465763      2.86283      7.00000
      9.14135    0.0231775      2.25365      7.00000
      9.14351    0.0388300      1.12030      7.00000
      9.14603    0.0240602      2.55211      7.00000
      9.14822  -0.00810471      2.08383      7.00000
      9.15038   -0.0259450      1.54028      7.00000
      9.15286   -0.0129760      2.60884      7.00000
      9.15538    0.0156899      1.94290      7.00000
      9.15723    0.0323043      1.33827      7.00000
      9.15974    0.0185888      1.83562      7.00000
      9.16222  -0.00819283      2.07447      7.00000
      9.16411   -0.0285714      1.56359      7.00000
      9.16660   -0.0222846      2.21889      7.00000
      9.16910 -0.000981417      2.02481      7.00000
      9.17095    0.0212632      2.26022      7.00000
      9.17348    0.0199086      2.06563      7.00000
      9.17596   0.00373406      2.61097      7.00000
      9.17781   -0.0169731      1.98407      7.00000
      9.18032   -0.0171999      1.49740      7.00000
      9.18285  -0.00147481      1.81447      7.00000
      9.18469    0.0205618      1.75421      7.00000
      9.18719    0.0259004      1.85562      7.00000
      9.18968    0.0162592      1.69184      7.00000
      9.19153  -0.00751125      2.05672      7.00000
      9.19406   -0.0165948      2.11109      7.00000
      9.19658  -0.00835042      1.79930      7.00000
      9.19842    0.0198858      2.50920      7.00000
      9.20091    0.0383538      1.63455      7.00000
      9.20343    0.0342529      1.64079      7.00000
      9.20529   0.00720665      2.61403      7.00000
      9.20780   -0.0113108      1.50101      7.00000
      9.21029  -0.00679074      2.08876      7.00000
      9.21247    0.0177057      2.83770      7.00000
      9.21467    0.0387197      3.10396      7.00000
      9.21718    0.0407693      2.71859      7.00000
      9.21939    0.0240465      3.23241      7.00000
      9.22156 -0.000526399      1.55445      7.00000
      9.22406  -0.00851078      1.49373      7.00000
      9.22657   0.00484764      2.41152      7.00000
      9.22843    0.0261397      2.00893      7.00000
      9.23096    0.0324524      1.38167      7.00000
      9.23345    0.0203736      2.33037      7.00000
      9.23530  6.37249e-05      1.70141      7.00000
      9.23782   -0.0120912      1.82463      7.00000
      9.24035  -0.00689897      1.98298      7.00000
      9.24249    0.0113285      1.67211      7.00000
      9.24470    0.0229542      1.78990      7.00000
      9.24721    0.0141426      2.20648      7.00000
      9.24941  -0.00814598      2.36681      7.00000
      9.25160   -0.0230851      2.11563      7.00000
      9.25411   -0.0215608      2.22643      7.00000
      9.25633  -0.00761253      1.95800      7.00000
      9.25846   0.00845131      1.57296      7.00000
      9.26100    0.0126626      1.01223      7.00000
      9.26352   0.00196590      1.52352      7.00000
      9.26537   -0.0157565      1.38476      7.00000
      9.26787   -0.0202470     0.961215      7.00000
      9.27040  -0.00672762      1.66713      7.00000
      9.27257    0.0135955      2.01372      7.00000
      9.27478    0.0229397      1.32564      7.00000
      9.27728    0.0105599      1.92181      7.00000
      9.27981  -0.00813455      2.64185      7.00000
      9.28167   -0.0162660      1.58147      7.00000
      9.28419  -0.00333819      1.97350      7.00000
      9.28669    0.0169644      2.33645      7.00000
      9.28858    0.0306199      1.24890      7.00000
      9.29109    0.0267003      1.47431      7.00000
      9.29361    0.0117250      2.31116      7.00000
      9.29578  -0.00314938      2.14114      7.00000
      9.29800  -0.00493509      2.45043      7.00000
      9.30051   0.00825884      2.12382      7.00000
      9.30303    0.0258437      1.73397      7.00000
      9.30488    0.0319615      1.44914      7.00000
      9.30742    0.0205684      1.24120      7.00000
      9.30993   0.00245268      1.44443      7.00000
      9.31178  -0.00334755      1.37375      7.00000
      9.31431   0.00526679      1.07594      7.00000
      9.31685    0.0193273      1.25192      7.00000
      9.31904    0.0271736      1.26572      7.00000
      9.32121    0.0227449     0.884341      7.00000
      9.32374   0.00717482      2.14459      7.00000
      9.32629  -0.00484621      2.75994      7.00000
      9.32813  -0.00381164      1.83557      7.00000
      9.33065    0.0105084      2.32619      7.00000
      9.33317    0.0184942      2.13926      7.00000
      9.33535    0.0155363      1.35709      7.00000
      9.33757   0.00293713      1.36247      7.00000
      9.34009  -0.00728158      1.04897      7.00000
      9.34232   -0.0128206     0.818868      7.00000
      9.34445  -0.00521844      1.23315      7.00000
      9.34701   0.00897600      1.53709      7.00000
      9.34954    0.0177177      1.16624      7.00000
      9.35172    0.0103964      2.03715      7.00000
      9.35390   -0.0100803      1.46089      7.00000
      9.35645   -0.0174537      1.56671      7.00000
      9.35899  -0.00879582      2.51927      7.00000
      9.36083    0.0111659      1.60560      7.00000
      9.36335    0.0174606      1.49738      7.00000
      9.36590    0.0121170      2.04761      7.00000
      9.36808   0.00142397      1.29506      7.00000
      9.37028  -0.00461945      1.74372      7.00000
      9.37280  -0.00280472      1.87829      7.00000
      9.37535   0.00396183      1.98146      7.00000
      9.37720    0.0152622      1.90550      7.00000
      9.37974    0.0171301      1.17935      7.00000
      9.38225   0.00889597      1.33754      7.00000
      9.38448  -0.00231573      1.73889      7.00000
      9.38666   0.00140214      1.63569      7.00000
      9.38919    0.0172579      1.34189      7.00000
      9.39171    0.0303919     0.958033      7.00000
      9.39392    0.0317449      1.34916      7.00000
      9.39612    0.0247603      1.10951      7.00000
      9.39865    0.0180685     0.958779      7.00000
      9.40117    0.0168184     0.760982      7.00000
      9.40306    0.0224474      1.19576      7.00000
      9.40558    0.0369596      1.58240      7.00000
      9.40812    0.0491929      1.80186      7.00000
      9.41032    0.0507511      1.37164      7.00000
      9.41252    0.0399170      1.46468      7.00000
      9.41505    0.0329364      1.50941      7.00000
      9.41759    0.0366690      1.62956      7.00000
      9.41977    0.0484307      1.39802      7.00000
      9.42199    0.0558490      1.54655      7.00000
      9.42452    0.0562284      1.06665      7.00000
      9.42706    0.0494127      1.09354      7.00000
      9.42892    0.0391226      2.20164      7.00000
      9.43147    0.0339018      2.07993      7.00000
      9.43399    0.0389789      2.19230      7.00000
      9.43622    0.0489938      2.06567      7.00000
      9.43839    0.0532116      1.62807      7.00000
      9.44094    0.0466613      1.19829      7.00000
      9.44347    0.0350362      1.26178      7.00000
      9.44569    0.0254630      1.32834      7.00000
      9.44787    0.0246916      1.40551      7.00000
      9.45043    0.0324380      1.52118      7.00000
      9.45295    0.0437826      1.14346      7.00000
      9.45516    0.0462464      1.47735      7.00000
      9.45735    0.0320411      1.80411      7.00000
      9.45991    0.0161048      1.81967      7.00000
      9.46244    0.0137138      2.09140      7.00000
      9.46464    0.0252293      1.43484      7.00000
      9.46684    0.0352430      1.04136      7.00000
      9.46940    0.0349139      2.34857      7.00000
      9.47193    0.0319366      2.14408      7.00000
      9.47411    0.0273745      1.41273      7.00000
      9.47633    0.0247666      1.31319      7.00000
      9.47889    0.0268248      1.70013      7.00000
      9.48113    0.0398033      2.08272      7.00000
      9.48360    0.0524181      1.26188      7.00000
      9.48582    0.0528924     0.695040      7.00000
      9.48838    0.0409615      1.78276      7.00000
      9.49062    0.0354943      2.48687      7.00000
      9.49309    0.0428501      1.99608      7.00000
      9.49532    0.0550804      1.12445      7.00000
