         568           4           3
Mon Jul 11 16:09:02 2005
classC_77_86.fits
    lambda (um)    Flux (Jy)   Sigma (Jy)    AOT ident.
      7.15008    0.0107814     0.362138      7.00000
      7.15366   0.00839206     0.288739      7.00000
      7.15723    0.0214491     0.164222      7.00000
      7.16081    0.0144968     0.157878      7.00000
      7.16439   -0.0101434     0.255837      7.00000
      7.16798   -0.0150102     0.368505      7.00000
      7.17156   -0.0152590     0.294436      7.00000
      7.17515   0.00514561     0.147299      7.00000
      7.17874   0.00246202     0.142751      7.00000
      7.18233  -0.00664674     0.160763      7.00000
      7.18592   0.00737982     0.214254      7.00000
      7.18952    0.0344441     0.183934      7.00000
      7.19311    0.0502837     0.164266      7.00000
      7.19671    0.0489883     0.149221      7.00000
      7.20031    0.0450808    0.0840634      7.00000
      7.20391    0.0448747     0.111809      7.00000
      7.20751    0.0327325     0.280673      7.00000
      7.21112    0.0384976     0.242151      7.00000
      7.21472    0.0429442     0.140531      7.00000
      7.21833    0.0513079     0.107774      7.00000
      7.22194    0.0361004     0.164578      7.00000
      7.22555    0.0251742     0.277524      7.00000
      7.22917    0.0310620     0.247167      7.00000
      7.23278    0.0416916     0.155117      7.00000
      7.23640    0.0695913     0.176389      7.00000
      7.24002    0.0810308     0.161601      7.00000
      7.24364    0.0628315     0.214961      7.00000
      7.24726    0.0253780     0.433856      7.00000
      7.25089    0.0269799     0.235046      7.00000
      7.25451    0.0600478     0.181861      7.00000
      7.25814    0.0717630     0.132109      7.00000
      7.26177    0.0500489     0.161351      7.00000
      7.26540    0.0308595     0.159266      7.00000
      7.26904    0.0459999     0.198472      7.00000
      7.27267    0.0674493     0.178639      7.00000
      7.27631    0.0721094     0.157509      7.00000
      7.27995    0.0483518     0.188957      7.00000
      7.28359    0.0147722     0.237142      7.00000
      7.28723    0.0217551     0.269096      7.00000
      7.29088    0.0246236     0.161786      7.00000
      7.29452    0.0241416     0.196491      7.00000
      7.29817  -0.00422148     0.143976      7.00000
      7.30182  -0.00984071     0.184673      7.00000
      7.30547 -0.000343300     0.211252      7.00000
      7.30913    0.0133767     0.247429      7.00000
      7.31278    0.0198123     0.171820      7.00000
      7.31644    0.0202297     0.135477      7.00000
      7.32010   0.00939959     0.133412      7.00000
      7.32376    0.0198795     0.169589      7.00000
      7.32742    0.0264160     0.201042      7.00000
      7.33109    0.0306668     0.278006      7.00000
      7.33475    0.0241664     0.241908      7.00000
      7.33842   0.00723678     0.200728      7.00000
      7.34209   -0.0161255     0.177057      7.00000
      7.34576   -0.0132737     0.172830      7.00000
      7.34944    0.0101349     0.240740      7.00000
      7.35311    0.0317614     0.165729      7.00000
      7.35679   0.00840839     0.182234      7.00000
      7.36047   -0.0185637     0.113639      7.00000
      7.36415   -0.0293712    0.0903290      7.00000
      7.36783   -0.0130446     0.216936      7.00000
      7.37152    0.0109412     0.180912      7.00000
      7.37520    0.0329677     0.175434      7.00000
      7.37889    0.0317150     0.229686      7.00000
      7.38258    0.0173707     0.261542      7.00000
      7.38628    0.0143603     0.291131      7.00000
      7.38997    0.0170808     0.240895      7.00000
      7.39367    0.0468219     0.182249      7.00000
      7.39736    0.0473802    0.0876923      7.00000
      7.40106    0.0532502     0.171627      7.00000
      7.40476    0.0499496     0.298108      7.00000
      7.40847    0.0486172     0.202797      7.00000
      7.41217    0.0598741     0.130360      7.00000
      7.41588    0.0564557     0.188454      7.00000
      7.41959    0.0535253     0.162018      7.00000
      7.42330    0.0425397     0.138028      7.00000
      7.42701    0.0410874     0.109643      7.00000
      7.43073    0.0663099     0.153459      7.00000
      7.43444    0.0746519     0.175296      7.00000
      7.43816    0.0533033     0.184101      7.00000
      7.44188    0.0391747     0.159037      7.00000
      7.44560    0.0464825     0.250918      7.00000
      7.44933    0.0793651     0.172580      7.00000
      7.45305    0.0929261     0.172983      7.00000
      7.45678    0.0914129     0.122659      7.00000
      7.46051    0.0863713     0.207595      7.00000
      7.46424    0.0952103     0.276799      7.00000
      7.46797    0.0912135     0.334315      7.00000
      7.47171    0.0783980     0.272545      7.00000
      7.47544    0.0276819     0.195481      7.00000
      7.47918    0.0104189     0.157938      7.00000
      7.48292    0.0274323     0.208692      7.00000
      7.48667    0.0617598     0.167812      7.00000
      7.49041    0.0967417     0.146880      7.00000
      7.49416    0.0906482     0.224246      7.00000
      7.49790    0.0756786     0.254058      7.00000
      7.50166    0.0626655     0.207625      7.00000
      7.50541    0.0839339     0.299492      7.00000
      7.50916     0.125135     0.234416      7.00000
      7.51292     0.154620     0.264873      7.00000
      7.51667     0.164687     0.203515      7.00000
      7.52043     0.164760     0.165141      7.00000
      7.52419     0.160145     0.238210      7.00000
      7.52796     0.151641     0.180668      7.00000
      7.53172     0.142333     0.177806      7.00000
      7.53549     0.141106     0.183534      7.00000
      7.53926     0.163292     0.188137      7.00000
      7.54303     0.190882     0.148986      7.00000
      7.54680     0.196467     0.153974      7.00000
      7.55057     0.183054     0.113144      7.00000
      7.55435     0.171935     0.136894      7.00000
      7.55813     0.151997     0.218143      7.00000
      7.56191     0.148299     0.250856      7.00000
      7.56569     0.144943     0.198249      7.00000
      7.56947     0.166643     0.186690      7.00000
      7.57326     0.171632    0.0912116      7.00000
      7.57705     0.182825    0.0752948      7.00000
      7.58084     0.207004     0.225761      7.00000
      7.58463     0.219330     0.245869      7.00000
      7.58842     0.213092     0.196117      7.00000
      7.59222     0.191050    0.0536113      7.00000
      7.59601     0.193093     0.154428      7.00000
      7.59981     0.207308     0.190358      7.00000
      7.60361     0.226185     0.147414      7.00000
      7.60742     0.237180     0.133914      7.00000
      7.61122     0.241587     0.169045      7.00000
      7.61503     0.223804     0.241981      7.00000
      7.61884     0.233749     0.298168      7.00000
      7.62265     0.240985     0.265466      7.00000
      7.62646     0.261975     0.128717      7.00000
      7.63027     0.253458     0.124883      7.00000
      7.63409     0.252344     0.162667      7.00000
      7.63791     0.252333     0.184392      7.00000
      7.64173     0.266475     0.155878      7.00000
      7.64555     0.268600    0.0772216      7.00000
      7.64937     0.255994     0.157716      7.00000
      7.65320     0.224227     0.184150      7.00000
      7.65703     0.219374     0.135369      7.00000
      7.66086     0.253352     0.204895      7.00000
      7.66469     0.277802     0.212234      7.00000
      7.66852     0.287435     0.175706      7.00000
      7.67236     0.274705     0.149113      7.00000
      7.67619     0.282110     0.196268      7.00000
      7.68003     0.294605     0.300022      7.00000
      7.68387     0.299681     0.230811      7.00000
      7.68772     0.310950     0.161942      7.00000
      7.69156     0.331493     0.169179      7.00000
      7.69541     0.368903     0.243736      7.00000
      7.69926     0.395146     0.269080      7.00000
      7.70311     0.393712     0.232025      7.00000
      7.70696     0.366574     0.191820      7.00000
      7.71081     0.341655     0.136509      7.00000
      7.71467     0.336285     0.107869      7.00000
      7.71853     0.337880     0.109989      7.00000
      7.72239     0.338967     0.119105      7.00000
      7.72625     0.343573     0.109216      7.00000
      7.73011     0.364800     0.164141      7.00000
      7.73398     0.352906     0.223217      7.00000
      7.73785     0.338364     0.225510      7.00000
      7.74172     0.335857     0.151155      7.00000
      7.74559     0.360883     0.160183      7.00000
      7.74946     0.369622     0.173352      7.00000
      7.75334     0.365174     0.168871      7.00000
      7.75722     0.370943     0.218364      7.00000
      7.76110     0.387090     0.109463      7.00000
      7.76498     0.396982    0.0872507      7.00000
      7.76886     0.404740     0.162797      7.00000
      7.77275     0.410832     0.230746      7.00000
      7.77663     0.415621     0.210766      7.00000
      7.78052     0.408827     0.126946      7.00000
      7.78442     0.399571     0.158830      7.00000
      7.78831     0.394310     0.138010      7.00000
      7.79220     0.395983     0.141006      7.00000
      7.79610     0.407915     0.245031      7.00000
      7.80000     0.419833     0.227802      7.00000
      7.80390     0.442863     0.147086      7.00000
      7.80780     0.454239     0.139981      7.00000
      7.81171     0.458700     0.195747      7.00000
      7.81561     0.457943     0.177360      7.00000
      7.81952     0.454241    0.0677405      7.00000
      7.82343     0.464384     0.173815      7.00000
      7.82735     0.467643     0.180499      7.00000
      7.83126     0.470923     0.117142      7.00000
      7.83518     0.473149     0.177187      7.00000
      7.83910     0.473613     0.347093      7.00000
      7.84302     0.481675     0.262204      7.00000
      7.84694     0.508043     0.238038      7.00000
      7.85086     0.529039     0.203984      7.00000
      7.85479     0.541603     0.254881      7.00000
      7.85872     0.539475     0.213490      7.00000
      7.86265     0.535142     0.145430      7.00000
      7.86658     0.551053     0.321895      7.00000
      7.87052     0.554000     0.247385      7.00000
      7.87445     0.579732     0.133156      7.00000
      7.87839     0.585757     0.180137      7.00000
      7.88233     0.569418     0.213261      7.00000
      7.88627     0.545580     0.216801      7.00000
      7.89022     0.542975     0.252308      7.00000
      7.89416     0.583538     0.117555      7.00000
      7.89811     0.633643     0.209677      7.00000
      7.90206     0.657659     0.136073      7.00000
      7.90601     0.660456     0.159102      7.00000
      7.90997     0.662430     0.199593      7.00000
      7.91392     0.673184     0.471801      7.00000
      7.91788     0.676228     0.324984      7.00000
      7.92184     0.679084     0.235845      7.00000
      7.92580     0.674086     0.250078      7.00000
      7.92977     0.689111     0.338986      7.00000
      7.93373     0.690824     0.506031      7.00000
      7.93770     0.677054     0.364350      7.00000
      7.94167     0.640027     0.364133      7.00000
      7.94564     0.614448     0.400478      7.00000
      7.94962     0.608244     0.449230      7.00000
      7.95359     0.616170     0.579728      7.00000
      7.95757     0.642617     0.371941      7.00000
      7.96155     0.678231     0.218536      7.00000
      7.96553     0.705603     0.232108      7.00000
      7.96951     0.715660     0.300360      7.00000
      7.97350     0.717354     0.373050      7.00000
      7.97749     0.737140     0.233093      7.00000
      7.98148     0.746840     0.220784      7.00000
      7.98547     0.752027     0.277450      7.00000
      7.98946     0.761793     0.293500      7.00000
      7.99346     0.772263     0.220421      7.00000
      7.99746     0.789089     0.198571      7.00000
      8.00146     0.782070     0.205057      7.00000
      8.00546     0.772800     0.194906      7.00000
      8.00946     0.793524     0.267837      7.00000
      8.01347     0.808652     0.243858      7.00000
      8.01748     0.825628     0.177160      7.00000
      8.02149     0.829359     0.157845      7.00000
      8.02550     0.841721     0.133331      7.00000
      8.02951     0.863329     0.187502      7.00000
      8.03353     0.858248     0.274457      7.00000
      8.03754     0.850381     0.223371      7.00000
      8.04156     0.822356     0.249095      7.00000
      8.04559     0.821218     0.289847      7.00000
      8.04961     0.827332     0.281766      7.00000
      8.05364     0.838029     0.280167      7.00000
      8.05766     0.858710     0.237595      7.00000
      8.06169     0.883058     0.192115      7.00000
      8.06573     0.907045     0.168177      7.00000
      8.06976     0.917216     0.200355      7.00000
      8.07380     0.916891     0.260525      7.00000
      8.07783     0.912497     0.181515      7.00000
      8.08187     0.895949     0.153213      7.00000
      8.08591     0.881961     0.161646      7.00000
      8.08996     0.878436     0.192727      7.00000
      8.09400     0.872179     0.256688      7.00000
      8.09805     0.881820     0.215345      7.00000
      8.10210     0.890582     0.151317      7.00000
      8.10615     0.909892     0.180543      7.00000
      8.11021     0.917949     0.238601      7.00000
      8.11427     0.928560     0.273218      7.00000
      8.11832     0.942402     0.238223      7.00000
      8.12238     0.948247     0.293206      7.00000
      8.12645     0.965499     0.323988      7.00000
      8.13051     0.969818     0.304026      7.00000
      8.13458     0.983956     0.304531      7.00000
      8.13864     0.986828     0.290405      7.00000
      8.14271     0.997611     0.293224      7.00000
      8.14679     0.999197     0.235028      7.00000
      8.15086     0.979398     0.156261      7.00000
      8.15494     0.943241     0.153089      7.00000
      8.15902     0.913881     0.156313      7.00000
      8.16310     0.935678     0.185506      7.00000
      8.16718     0.967034     0.219676      7.00000
      8.17126     0.984732     0.232913      7.00000
      8.17535     0.957484     0.192744      7.00000
      8.17944     0.922810     0.276049      7.00000
      8.18353     0.926706     0.311845      7.00000
      8.18762     0.941646     0.387925      7.00000
      8.19172     0.945724     0.324085      7.00000
      8.19582     0.946701     0.274849      7.00000
      8.19991     0.945141     0.293634      7.00000
      8.20401     0.961281     0.287199      7.00000
      8.20812     0.947982     0.304194      7.00000
      8.21222     0.938044     0.262822      7.00000
      8.21633     0.929788     0.171079      7.00000
      8.22044     0.935488     0.162927      7.00000
      8.22455     0.958365     0.187047      7.00000
      8.22866     0.970147     0.188302      7.00000
      8.23278     0.983442     0.219959      7.00000
      8.23690     0.960462     0.172986      7.00000
      8.24102     0.936040     0.158067      7.00000
      8.24514     0.946767     0.214633      7.00000
      8.24926     0.967450     0.247047      7.00000
      8.25339     0.992954     0.216933      7.00000
      8.25751     0.939650     0.255974      7.00000
      8.26164     0.890629     0.412548      7.00000
      8.26578     0.885055     0.426188      7.00000
      8.26991     0.924215     0.286926      7.00000
      8.27405     0.988099     0.197977      7.00000
      8.27818      1.00000     0.333183      7.00000
      8.28232     0.996246     0.398923      7.00000
      8.28647     0.957260     0.249525      7.00000
      8.29061     0.932776     0.392798      7.00000
      8.29476     0.895096     0.364918      7.00000
      8.29891     0.890203     0.331670      7.00000
      8.30306     0.901320     0.370326      7.00000
      8.30721     0.930394     0.400578      7.00000
      8.31136     0.921067     0.329345      7.00000
      8.31552     0.922494     0.289445      7.00000
      8.31968     0.896363     0.396728      7.00000
      8.32384     0.867446     0.553910      7.00000
      8.32800     0.815347     0.117788      7.00000
      8.33217     0.795165     0.133218      7.00000
      8.33633     0.807009     0.186917      7.00000
      8.34050     0.804094     0.212826      7.00000
      8.34468     0.834472     0.275942      7.00000
      8.34885     0.836882     0.301812      7.00000
      8.35302     0.846197     0.294024      7.00000
      8.35720     0.843020     0.242408      7.00000
      8.36138     0.860117     0.232546      7.00000
      8.36556     0.877396     0.299703      7.00000
      8.36975     0.851980     0.222211      7.00000
      8.37393     0.817195     0.142746      7.00000
      8.37812     0.797481     0.156116      7.00000
      8.38231     0.812696     0.231796      7.00000
      8.38650     0.810298     0.153487      7.00000
      8.39070     0.794886     0.221324      7.00000
      8.39489     0.787174     0.211401      7.00000
      8.39909     0.810519     0.206346      7.00000
      8.40329     0.835000     0.270812      7.00000
      8.40750     0.815685     0.271194      7.00000
      8.41170     0.781457     0.253995      7.00000
      8.41591     0.779759     0.225308      7.00000
      8.42012     0.797040     0.311693      7.00000
      8.42433     0.816830     0.353824      7.00000
      8.42854     0.804533     0.308834      7.00000
      8.43276     0.776597     0.291305      7.00000
      8.43697     0.752370     0.349890      7.00000
      8.44119     0.730851     0.393313      7.00000
      8.44541     0.729953     0.352257      7.00000
      8.44964     0.743810     0.243748      7.00000
      8.45386     0.769179     0.293865      7.00000
      8.45809     0.775898     0.308064      7.00000
      8.46232     0.745200     0.282192      7.00000
      8.46655     0.702416     0.199767      7.00000
      8.47079     0.695161     0.223218      7.00000
      8.47503     0.704087     0.213839      7.00000
      8.47926     0.686154     0.292957      7.00000
      8.48350     0.675709     0.289353      7.00000
      8.48775     0.679061     0.223587      7.00000
      8.49199     0.720329     0.220898      7.00000
      8.49624     0.721318     0.181700      7.00000
      8.50049     0.714429     0.109149      7.00000
      8.50474     0.687593     0.224960      7.00000
      8.50899     0.675775     0.185241      7.00000
      8.51325     0.681120     0.175326      7.00000
      8.51751     0.737232     0.342046      7.00000
      8.52177     0.762160     0.361373      7.00000
      8.52603     0.754037     0.269834      7.00000
      8.53029     0.692016     0.230000      7.00000
      8.53456     0.682617     0.336415      7.00000
      8.53883     0.704562     0.425516      7.00000
      8.54310     0.715581     0.211953      7.00000
      8.54737     0.698547     0.218068      7.00000
      8.55164     0.674782     0.309099      7.00000
      8.55592     0.690517     0.419345      7.00000
      8.56020     0.723886     0.418190      7.00000
      8.56448     0.726406     0.270527      7.00000
      8.56877     0.702784     0.265734      7.00000
      8.57305     0.649376     0.305949      7.00000
      8.57734     0.630170     0.358304      7.00000
      8.58163     0.649351     0.248834      7.00000
      8.58592     0.670384     0.201953      7.00000
      8.59021     0.682508     0.197969      7.00000
      8.59451     0.647544     0.214186      7.00000
      8.59881     0.653258     0.273616      7.00000
      8.60311     0.648794     0.243743      7.00000
      8.60741     0.630450     0.279823      7.00000
      8.61172     0.589957     0.307331      7.00000
      8.61602     0.590608     0.320491      7.00000
      8.62033     0.610157     0.261880      7.00000
      8.62464     0.629032     0.200283      7.00000
      8.62896     0.633709     0.208560      7.00000
      8.63327     0.648037     0.218640      7.00000
      8.63759     0.666205     0.241557      7.00000
      8.64191     0.655010     0.284167      7.00000
      8.64623     0.664182     0.259599      7.00000
      8.65056     0.673522     0.168996      7.00000
      8.65488     0.703944     0.250693      7.00000
      8.65921     0.694832     0.297350      7.00000
      8.66354     0.686637     0.241625      7.00000
      8.66787     0.668382     0.191731      7.00000
      8.67221     0.667109     0.142400      7.00000
      8.67655     0.657386     0.162838      7.00000
      8.68089     0.618243     0.248099      7.00000
      8.68523     0.593150     0.346371      7.00000
      8.68957     0.605845     0.381518      7.00000
      8.69392     0.643416     0.172878      7.00000
      8.69827     0.674585     0.127000      7.00000
      8.70262     0.671805     0.106867      7.00000
      8.70697     0.656462     0.186601      7.00000
      8.71132     0.656280     0.372965      7.00000
      8.71568     0.658349     0.386299      7.00000
      8.72004     0.670384     0.230201      7.00000
      8.72440     0.676654     0.211375      7.00000
      8.72876     0.689656     0.274759      7.00000
      8.73313     0.682085     0.355726      7.00000
      8.73750     0.640470     0.243627      7.00000
      8.74187     0.567522     0.219316      7.00000
      8.74624     0.532626     0.246473      7.00000
      8.75061     0.522460     0.291446      7.00000
      8.75499     0.528476     0.385449      7.00000
      8.75937     0.525536     0.259498      7.00000
      8.76375     0.517891     0.183613      7.00000
      8.76813     0.506707     0.188645      7.00000
      8.77252     0.506858     0.293262      7.00000
      8.77690     0.501737     0.298445      7.00000
      8.78129     0.506114     0.288790      7.00000
      8.78568     0.505418     0.256339      7.00000
      8.79008     0.532037     0.208428      7.00000
      8.79447     0.530479     0.248397      7.00000
      8.79887     0.511254     0.182348      7.00000
      8.80327     0.468726     0.155382      7.00000
      8.80768     0.453868     0.175012      7.00000
      8.81208     0.457931     0.178495      7.00000
      8.81649     0.456470     0.156538      7.00000
      8.82090     0.455829     0.193695      7.00000
      8.82531     0.441886     0.204295      7.00000
      8.82972     0.465607     0.154634      7.00000
      8.83414     0.475846     0.252231      7.00000
      8.83856     0.452122     0.329234      7.00000
      8.84298     0.393343     0.383964      7.00000
      8.84740     0.383023     0.389736      7.00000
      8.85182     0.406759     0.270091      7.00000
      8.85625     0.417152     0.205619      7.00000
      8.86068     0.412071     0.283831      7.00000
      8.86511     0.393242     0.330164      7.00000
      8.86955     0.401826     0.239217      7.00000
      8.87398     0.396304     0.224483      7.00000
      8.87842     0.406987     0.185118      7.00000
      8.88286     0.397773     0.239911      7.00000
      8.88730     0.384748     0.271951      7.00000
      8.89175     0.383940     0.190169      7.00000
      8.89619     0.396813     0.155133      7.00000
      8.90064     0.383827     0.196024      7.00000
      8.90510     0.379784     0.323188      7.00000
      8.90955     0.361453     0.292273      7.00000
      8.91401     0.362317     0.280908      7.00000
      8.91846     0.324460     0.269991      7.00000
      8.92292     0.293651     0.346834      7.00000
      8.92739     0.310772     0.395483      7.00000
      8.93185     0.346101     0.180487      7.00000
      8.93632     0.390056     0.189907      7.00000
      8.94079     0.380927     0.214347      7.00000
      8.94526     0.377577     0.212277      7.00000
      8.94973     0.379495     0.229485      7.00000
      8.95421     0.381092     0.296607      7.00000
      8.95869     0.364912     0.434306      7.00000
      8.96317     0.332456     0.451895      7.00000
      8.96765     0.327994     0.437109      7.00000
      8.97213     0.308093     0.401061      7.00000
      8.97662     0.290267     0.286259      7.00000
      8.98111     0.278639     0.218713      7.00000
      8.98560     0.311073     0.277371      7.00000
      8.99010     0.345507     0.252871      7.00000
      8.99459     0.324998     0.204456      7.00000
      8.99909     0.240380     0.349656      7.00000
      9.00359     0.214644     0.548312      7.00000
      9.00809     0.215858     0.423161      7.00000
      9.01260     0.258794     0.316048      7.00000
      9.01711     0.228979     0.371385      7.00000
      9.02162     0.215558     0.354910      7.00000
      9.02613     0.224476     0.391703      7.00000
      9.03064     0.230642     0.324654      7.00000
      9.03516     0.192943     0.326932      7.00000
      9.03968     0.166240     0.414044      7.00000
      9.04420     0.186956     0.438742      7.00000
      9.04872     0.234720     0.271879      7.00000
      9.05325     0.240455     0.186124      7.00000
      9.05778     0.215092     0.288899      7.00000
      9.06231     0.212784     0.324029      7.00000
      9.06684     0.197869     0.316632      7.00000
      9.07137     0.171252     0.283724      7.00000
      9.07591     0.142425     0.229355      7.00000
      9.08045     0.175370     0.336810      7.00000
      9.08499     0.198720     0.223720      7.00000
      9.08953     0.178245     0.357183      7.00000
      9.09408     0.138346     0.423804      7.00000
      9.09863     0.152468     0.317874      7.00000
      9.10318     0.187844     0.335058      7.00000
      9.10773     0.211898     0.348540      7.00000
      9.11229     0.207215     0.370073      7.00000
      9.11684     0.208002     0.302792      7.00000
      9.12140     0.212054     0.346653      7.00000
      9.12597     0.214841     0.385615      7.00000
      9.13053     0.190339     0.319616      7.00000
      9.13510     0.169057     0.406852      7.00000
      9.13966     0.176126     0.519101      7.00000
      9.14423     0.181861     0.220756      7.00000
      9.14881     0.184068     0.246732      7.00000
      9.15338     0.150432     0.333499      7.00000
      9.15796     0.154969     0.193756      7.00000
      9.16254     0.145408     0.198113      7.00000
      9.16712     0.152126     0.254728      7.00000
      9.17171     0.134963     0.314021      7.00000
      9.17630     0.160587     0.377841      7.00000
      9.18089     0.176049     0.319840      7.00000
      9.18548     0.210547     0.263858      7.00000
      9.19007     0.160566     0.316030      7.00000
      9.19467     0.133396     0.399984      7.00000
      9.19927     0.126271     0.369690      7.00000
      9.20387     0.195040     0.323804      7.00000
      9.20847     0.224986     0.464586      7.00000
      9.21307     0.190135     0.593503      7.00000
      9.21768     0.103363     0.724616      7.00000
      9.22229    0.0314185     0.672949      7.00000
      9.22690   -0.0100445     0.645629      7.00000
      9.23152    0.0136490     0.791140      7.00000
      9.23614    0.0491554     0.499808      7.00000
      9.24076    0.0696435     0.342757      7.00000
      9.24538    0.0670897     0.349072      7.00000
      9.25000    0.0335343     0.404576      7.00000
      9.25463    0.0332954     0.358352      7.00000
      9.25926    0.0227244     0.214754      7.00000
      9.26389    0.0140631     0.243773      7.00000
      9.26852    0.0173292     0.242556      7.00000
      9.27315    0.0340873     0.325245      7.00000
      9.27779    0.0482023     0.371488      7.00000
      9.28243    0.0413546     0.321438      7.00000
      9.28708    0.0254242     0.310889      7.00000
      9.29172    0.0432278     0.338900      7.00000
      9.29637    0.0883974     0.239158      7.00000
      9.30102     0.115471     0.278672      7.00000
      9.30567     0.106753     0.302826      7.00000
      9.31032     0.104760     0.300120      7.00000
      9.31498    0.0940760     0.259688      7.00000
      9.31964     0.106498     0.248352      7.00000
      9.32430     0.108086     0.321570      7.00000
      9.32896     0.136709     0.537961      7.00000
      9.33363     0.106345     0.549890      7.00000
      9.33829    0.0627225     0.398406      7.00000
      9.34297    0.0321665     0.415251      7.00000
      9.34764     0.100729     0.466081      7.00000
      9.35231     0.115210     0.473772      7.00000
      9.35699     0.111376     0.333486      7.00000
      9.36167    0.0452401     0.298433      7.00000
      9.36635    0.0497195     0.364232      7.00000
      9.37104    0.0353364     0.230532      7.00000
      9.37572    0.0411837     0.187624      7.00000
      9.38041   -0.0136810     0.241056      7.00000
      9.38510   -0.0263822     0.384699      7.00000
      9.38980   0.00199821     0.548100      7.00000
      9.39449    0.0306686     0.320310      7.00000
      9.39919  -0.00796759     0.302823      7.00000
      9.40389   -0.0558982     0.248816      7.00000
      9.40860   -0.0302981     0.375656      7.00000
      9.41330    0.0213316     0.282651      7.00000
      9.41801    0.0382555     0.283316      7.00000
      9.42272    0.0269333     0.288339      7.00000
      9.42743    0.0555013     0.303660      7.00000
      9.43215    0.0928375     0.200875      7.00000
      9.43686     0.121457     0.194455      7.00000
      9.44158     0.129483     0.175372      7.00000
      9.44630     0.117951     0.378926      7.00000
      9.45103    0.0892959     0.511138      7.00000
      9.45576    0.0760594     0.527436      7.00000
      9.46048    0.0651030     0.659739      7.00000
      9.46522    0.0712194     0.561792      7.00000
      9.46995    0.0265496     0.289716      7.00000
      9.47469  -0.00379847     0.212162      7.00000
      9.47942   -0.0214116     0.272643      7.00000
      9.48417   -0.0112969     0.336760      7.00000
      9.48891  -0.00112087     0.307408      7.00000
      9.49365   -0.0147547     0.256323      7.00000
