         426           4           3
Mon Jul 11 15:35:17 2005
classB_11.fits
    lambda (um)    Flux (Jy)   Sigma (Jy)    AOT ident.
      10.6392    0.0204442      2.77290      7.00000
      10.6418    0.0192302      2.39688      7.00000
      10.6445    0.0145959      3.16796      7.00000
      10.6471   0.00941385      2.68826      7.00000
      10.6497   0.00690055      2.21057      7.00000
      10.6527   0.00815304      2.11382      7.00000
      10.6553    0.0113077      3.06494      7.00000
      10.6580    0.0134085      2.48064      7.00000
      10.6609    0.0133842      2.57424      7.00000
      10.6636    0.0108976      3.40946      7.00000
      10.6662   0.00766520      2.85438      7.00000
      10.6688   0.00684183      2.50787      7.00000
      10.6715    0.0104841      2.23686      7.00000
      10.6741    0.0162248      3.24978      7.00000
      10.6768    0.0208645      2.75041      7.00000
      10.6794    0.0222918      2.79129      7.00000
      10.6820    0.0196158      3.04449      7.00000
      10.6847    0.0139988      2.51874      7.00000
      10.6873   0.00911411      2.13480      7.00000
      10.6900   0.00782923      2.40486      7.00000
      10.6926   0.00898066      3.10776      7.00000
      10.6953    0.0105414      2.59041      7.00000
      10.6979    0.0112390      2.85205      7.00000
      10.7006   0.00982348      2.72615      7.00000
      10.7032   0.00647741      3.19099      7.00000
      10.7058   0.00428230      2.15941      7.00000
      10.7085   0.00500553      1.34144      7.00000
      10.7114   0.00672850      1.58691      7.00000
      10.7141   0.00822544      1.46059      7.00000
      10.7167   0.00997117      1.23399      7.00000
      10.7197    0.0109922      2.20320      7.00000
      10.7223   0.00982281      2.87351      7.00000
      10.7250   0.00863399      1.68359      7.00000
      10.7276   0.00931778      1.58648      7.00000
      10.7303    0.0116529      1.53050      7.00000
      10.7330    0.0148770      1.53431      7.00000
      10.7356    0.0196597      2.31326      7.00000
      10.7382    0.0232433      3.43637      7.00000
      10.7409    0.0237751      3.13196      7.00000
      10.7435    0.0225698      1.93241      7.00000
      10.7462    0.0218722      2.67603      7.00000
      10.7488    0.0215820      2.29980      7.00000
      10.7515    0.0221833      2.42050      7.00000
      10.7541    0.0241510      2.40462      7.00000
      10.7571    0.0263309      2.84138      7.00000
      10.7597    0.0275337      2.71448      7.00000
      10.7624    0.0286225      2.18850      7.00000
      10.7653    0.0307508      2.82642      7.00000
      10.7680    0.0332445      2.08709      7.00000
      10.7706    0.0358359      2.04461      7.00000
      10.7733    0.0376804      3.85140      7.00000
      10.7759    0.0379508      3.58381      7.00000
      10.7786    0.0375783      3.41949      7.00000
      10.7812    0.0379565      3.44500      7.00000
      10.7839    0.0391382      2.73084      7.00000
      10.7865    0.0411504      2.09083      7.00000
      10.7892    0.0430018      3.04510      7.00000
      10.7918    0.0427044      3.87017      7.00000
      10.7948    0.0393080      4.20464      7.00000
      10.7974    0.0352118      3.29909      7.00000
      10.8001    0.0322408      3.01367      7.00000
      10.8031    0.0315009      3.12645      7.00000
      10.8057    0.0326139      2.80871      7.00000
      10.8084    0.0349796      2.25838      7.00000
      10.8110    0.0348526      3.01216      7.00000
      10.8137    0.0307904      2.58669      7.00000
      10.8163    0.0253232      2.38765      7.00000
      10.8190    0.0213785      2.38664      7.00000
      10.8216    0.0205203      2.32798      7.00000
      10.8243    0.0233766      2.04895      7.00000
      10.8272    0.0286124      1.38266      7.00000
      10.8299    0.0314730      1.78437      7.00000
      10.8326    0.0300329      1.88837      7.00000
      10.8355    0.0251350      2.78091      7.00000
      10.8382    0.0192581      3.17773      7.00000
      10.8408    0.0153743      2.86938      7.00000
      10.8435    0.0157273      2.05656      7.00000
      10.8461    0.0199026      1.96225      7.00000
      10.8488    0.0231407      2.34387      7.00000
      10.8515    0.0225587      2.53336      7.00000
      10.8541    0.0175741      3.40611      7.00000
      10.8571    0.0104458      3.75935      7.00000
      10.8597   0.00460290      2.97181      7.00000
      10.8624   0.00444418      1.98917      7.00000
      10.8651   0.00891759      2.17070      7.00000
      10.8680    0.0142444      2.51384      7.00000
      10.8707    0.0163660      1.57327      7.00000
      10.8733    0.0141369      3.84445      7.00000
      10.8760   0.00794395      4.22652      7.00000
      10.8787   0.00311773      3.56315      7.00000
      10.8813   0.00478594      2.81169      7.00000
      10.8842    0.0132918      2.63870      7.00000
      10.8869    0.0234525      2.35424      7.00000
      10.8896    0.0312069      2.86715      7.00000
      10.8923    0.0329897      3.50955      7.00000
      10.8952    0.0281694      3.01978      7.00000
      10.8979    0.0215785      1.98378      7.00000
      10.9005    0.0197136      2.76652      7.00000
      10.9032    0.0251503      2.35007      7.00000
      10.9059    0.0350070      2.77564      7.00000
      10.9085    0.0442900      2.67435      7.00000
      10.9115    0.0473807      2.85157      7.00000
      10.9142    0.0424264      2.45345      7.00000
      10.9168    0.0343153      2.51172      7.00000
      10.9198    0.0303578      2.64121      7.00000
      10.9225    0.0341688      2.78603      7.00000
      10.9251    0.0460889      3.39874      7.00000
      10.9278    0.0609351      4.13502      7.00000
      10.9304    0.0705357      3.65518      7.00000
      10.9331    0.0701473      3.24320      7.00000
      10.9361    0.0626295      3.93427      7.00000
      10.9387    0.0537770      3.22496      7.00000
      10.9414    0.0493918      3.61726      7.00000
      10.9444    0.0528705      2.25652      7.00000
      10.9471    0.0627343      3.00394      7.00000
      10.9497    0.0722597      2.58767      7.00000
      10.9524    0.0744612      2.47984      7.00000
      10.9550    0.0678650      2.78337      7.00000
      10.9577    0.0558944      3.33809      7.00000
      10.9607    0.0472177      2.39432      7.00000
      10.9634    0.0482854      1.75878      7.00000
      10.9660    0.0599662      2.46638      7.00000
      10.9690    0.0762941      2.81519      7.00000
      10.9717    0.0898241      1.85721      7.00000
      10.9743    0.0934661      2.84162      7.00000
      10.9770    0.0870590      3.13148      7.00000
      10.9796    0.0781710      2.16766      7.00000
      10.9826    0.0766642      2.02230      7.00000
      10.9853    0.0863741      2.29974      7.00000
      10.9880     0.104592      3.04114      7.00000
      10.9909     0.124170      3.52275      7.00000
      10.9936     0.136143      2.88624      7.00000
      10.9963     0.137108      2.10178      7.00000
      10.9989     0.132520      3.09627      7.00000
      11.0019     0.131496      3.09709      7.00000
      11.0046     0.139681      2.78544      7.00000
      11.0073     0.159805      3.41199      7.00000
      11.0103     0.186270      2.88975      7.00000
      11.0129     0.209698      3.13826      7.00000
      11.0156     0.221612      3.81939      7.00000
      11.0182     0.223383      5.78521      7.00000
      11.0209     0.220201      3.90094      7.00000
      11.0239     0.220997      4.11472      7.00000
      11.0266     0.231169      2.89751      7.00000
      11.0293     0.250519      2.82233      7.00000
      11.0322     0.270509      2.33562      7.00000
      11.0349     0.282953      2.97095      7.00000
      11.0376     0.284641      3.15638      7.00000
      11.0402     0.277341      3.32732      7.00000
      11.0432     0.268428      2.63522      7.00000
      11.0459     0.267098      3.55556      7.00000
      11.0486     0.276844      2.55043      7.00000
      11.0515     0.292321      3.45213      7.00000
      11.0542     0.304341      3.50453      7.00000
      11.0569     0.305305      3.92944      7.00000
      11.0598     0.294211      4.26891      7.00000
      11.0625     0.276024      4.61413      7.00000
      11.0652     0.260952      3.26118      7.00000
      11.0679     0.257909      2.68601      7.00000
      11.0709     0.266887      2.94210      7.00000
      11.0735     0.279864      4.26243      7.00000
      11.0762     0.287131      3.46427      7.00000
      11.0792     0.283136      4.55916      7.00000
      11.0819     0.268604      4.26485      7.00000
      11.0846     0.251848      2.95573      7.00000
      11.0875     0.243171      2.62467      7.00000
      11.0902     0.247688      2.73444      7.00000
      11.0929     0.261479      4.04112      7.00000
      11.0958     0.275902      4.88679      7.00000
      11.0985     0.281916      3.98947      7.00000
      11.1012     0.274149      3.67232      7.00000
      11.1039     0.257599      4.56418      7.00000
      11.1069     0.242289      4.23783      7.00000
      11.1096     0.237312      3.84726      7.00000
      11.1122     0.245523      4.76914      7.00000
      11.1152     0.262893      4.70976      7.00000
      11.1179     0.279051      4.77846      7.00000
      11.1206     0.284596      4.92798      7.00000
      11.1236     0.277898      4.80525      7.00000
      11.1262     0.264895      3.19558      7.00000
      11.1289     0.254916      2.70527      7.00000
      11.1319     0.255113      2.26024      7.00000
      11.1346     0.267065      3.19501      7.00000
      11.1373     0.283273      3.74760      7.00000
      11.1403     0.296714      3.60091      7.00000
      11.1429     0.304390      3.14028      7.00000
      11.1459     0.306662      3.08249      7.00000
      11.1486     0.307884      2.17122      7.00000
      11.1513     0.315319      1.99717      7.00000
      11.1540     0.332926      2.86151      7.00000
      11.1570     0.356367      3.70607      7.00000
      11.1596     0.379712      3.54696      7.00000
      11.1626     0.397848      2.53328      7.00000
      11.1653     0.408575      2.56916      7.00000
      11.1680     0.413945      2.79550      7.00000
      11.1710     0.422642      3.92862      7.00000
      11.1737     0.442139      3.71567      7.00000
      11.1763     0.474870      5.23705      7.00000
      11.1793     0.516607      4.10106      7.00000
      11.1820     0.558739      3.58134      7.00000
      11.1847     0.593053      3.55205      7.00000
      11.1877     0.617108      4.22585      7.00000
      11.1904     0.636646      2.85757      7.00000
      11.1933     0.660453      3.98496      7.00000
      11.1961     0.694941      5.13564      7.00000
      11.1988     0.740441      5.99588      7.00000
      11.2017     0.788038      5.70258      7.00000
      11.2044     0.826140      6.03298      7.00000
      11.2074     0.848359      5.01449      7.00000
      11.2101     0.856885      5.22955      7.00000
      11.2128     0.859642      5.43651      7.00000
      11.2155     0.868018      5.42729      7.00000
      11.2185     0.887477      5.65866      7.00000
      11.2211     0.916528      6.94921      7.00000
      11.2241     0.944922      5.05570      7.00000
      11.2268     0.961918      4.47668      7.00000
      11.2295     0.963561      4.36919      7.00000
      11.2325     0.953852      4.29458      7.00000
      11.2352     0.941995      2.99092      7.00000
      11.2382     0.938784      4.20870      7.00000
      11.2409     0.948925      4.09640      7.00000
      11.2436     0.967759      3.60696      7.00000
      11.2466     0.984824      4.49317      7.00000
      11.2492     0.991407      3.49163      7.00000
      11.2522     0.983969      3.15479      7.00000
      11.2549     0.966774      3.18414      7.00000
      11.2577     0.949502      3.74755      7.00000
      11.2606     0.941732      4.01799      7.00000
      11.2633     0.945250      5.01794      7.00000
      11.2663     0.954932      3.91618      7.00000
      11.2690     0.962236      3.62045      7.00000
      11.2717     0.960239      3.31710      7.00000
      11.2747     0.946640      4.50835      7.00000
      11.2776     0.926239      5.11764      7.00000
      11.2804     0.905558      4.48941      7.00000
      11.2831     0.892807      4.01734      7.00000
      11.2861     0.890935      3.68506      7.00000
      11.2887     0.894674      3.99868      7.00000
      11.2917     0.892201      3.29353      7.00000
      11.2944     0.879125      2.74186      7.00000
      11.2971     0.855505      4.72536      7.00000
      11.3001     0.826620      3.77405      7.00000
      11.3028     0.801271      2.90553      7.00000
      11.3058     0.789433      3.44183      7.00000
      11.3085     0.790068      2.45782      7.00000
      11.3112     0.794599      2.40023      7.00000
      11.3142     0.793187      2.88717      7.00000
      11.3172     0.780612      3.22673      7.00000
      11.3199     0.757674      2.98064      7.00000
      11.3226     0.732393      4.23473      7.00000
      11.3256     0.713773      3.22352      7.00000
      11.3283     0.705991      3.74582      7.00000
      11.3313     0.706571      3.31206      7.00000
      11.3340     0.708412      3.60041      7.00000
      11.3367     0.703232      3.18658      7.00000
      11.3397     0.686451      4.31884      7.00000
      11.3427     0.661629      4.78127      7.00000
      11.3454     0.636239      4.69781      7.00000
      11.3481     0.617000      4.77805      7.00000
      11.3511     0.607748      4.75168      7.00000
      11.3541     0.606183      3.57165      7.00000
      11.3568     0.604105      2.59146      7.00000
      11.3595     0.594868      3.11146      7.00000
      11.3625     0.576005      3.33176      7.00000
      11.3652     0.550196      3.94469      7.00000
      11.3682     0.523960      4.11739      7.00000
      11.3709     0.504561      3.56125      7.00000
      11.3736     0.495726      3.10029      7.00000
      11.3766     0.494309      2.55518      7.00000
      11.3796     0.492669      3.62770      7.00000
      11.3823     0.484990      3.69511      7.00000
      11.3850     0.468844      3.08822      7.00000
      11.3880     0.446793      2.71087      7.00000
      11.3910     0.426195      2.58145      7.00000
      11.3937     0.414698      2.51060      7.00000
      11.3964     0.413745      2.93524      7.00000
      11.3994     0.418132      3.55866      7.00000
      11.4024     0.419843      3.23111      7.00000
      11.4051     0.412684      2.61705      7.00000
      11.4078     0.395449      3.07182      7.00000
      11.4108     0.372937      3.69798      7.00000
      11.4138     0.354214      3.75943      7.00000
      11.4165     0.346544      3.27164      7.00000
      11.4192     0.350701      3.34935      7.00000
      11.4222     0.359408      2.35511      7.00000
      11.4252     0.363601      1.81526      7.00000
      11.4279     0.358310      2.55030      7.00000
      11.4307     0.343876      4.38684      7.00000
      11.4337     0.326339      3.41443      7.00000
      11.4366     0.315553      2.64114      7.00000
      11.4394     0.316630      2.50399      7.00000
      11.4421     0.326239      2.63806      7.00000
      11.4451     0.335689      2.61254      7.00000
      11.4481     0.337555      2.84967      7.00000
      11.4508     0.327745      2.31578      7.00000
      11.4535     0.310026      2.28731      7.00000
      11.4565     0.293544      3.77831      7.00000
      11.4595     0.286456      2.54594      7.00000
      11.4622     0.290319      2.57541      7.00000
      11.4649     0.301014      1.95626      7.00000
      11.4679     0.310418      1.94996      7.00000
      11.4709     0.310144      2.09224      7.00000
      11.4737     0.298831      3.66824      7.00000
      11.4764     0.280774      3.13877      7.00000
      11.4796     0.263682      2.39308      7.00000
      11.4824     0.254442      3.14422      7.00000
      11.4851     0.255930      3.57566      7.00000
      11.4881     0.264982      4.11349      7.00000
      11.4911     0.272918      3.17686      7.00000
      11.4938     0.272154      4.15023      7.00000
      11.4965     0.259471      5.04967      7.00000
      11.4995     0.238589      5.13168      7.00000
      11.5025     0.218313      3.32653      7.00000
      11.5052     0.207054      2.46481      7.00000
      11.5080     0.207048      1.86244      7.00000
      11.5113     0.214043      3.19600      7.00000
      11.5140     0.219263      3.29979      7.00000
      11.5167     0.213381      3.32722      7.00000
      11.5197     0.194956      3.83569      7.00000
      11.5227     0.171351      3.22274      7.00000
      11.5254     0.152542      1.95675      7.00000
      11.5282     0.145450      2.17702      7.00000
      11.5314     0.150964      3.65204      7.00000
      11.5342     0.162457      2.71537      7.00000
      11.5369     0.169466      1.70431      7.00000
      11.5399     0.165063      2.55486      7.00000
      11.5429     0.150643      4.42739      7.00000
      11.5456     0.131922      3.21862      7.00000
      11.5484     0.117208      3.18271      7.00000
      11.5516     0.112966      3.11696      7.00000
      11.5544     0.119014      2.27382      7.00000
      11.5571     0.128413      2.92530      7.00000
      11.5601     0.133094      3.01749      7.00000
      11.5631     0.128094      3.42032      7.00000
      11.5659     0.114377      2.39976      7.00000
      11.5686    0.0991692      3.09723      7.00000
      11.5719    0.0906360      2.63447      7.00000
      11.5746    0.0929145      2.99416      7.00000
      11.5773     0.104620      3.08322      7.00000
      11.5803     0.118013      3.77378      7.00000
      11.5833     0.123131      2.81886      7.00000
      11.5861     0.116331      2.24685      7.00000
      11.5888     0.101880      2.99825      7.00000
      11.5921    0.0890394      2.03587      7.00000
      11.5948    0.0848936      2.17556      7.00000
      11.5976    0.0937460      2.93494      7.00000
      11.6008     0.109858      3.13661      7.00000
      11.6036     0.123928      2.77960      7.00000
      11.6063     0.127003      2.88355      7.00000
      11.6096     0.117381      2.75006      7.00000
      11.6123    0.0994661      1.91864      7.00000
      11.6151    0.0828705      2.91220      7.00000
      11.6181    0.0749666      2.17175      7.00000
      11.6211    0.0783253      2.70244      7.00000
      11.6238    0.0896435      3.11742      7.00000
      11.6265     0.101082      3.26192      7.00000
      11.6298     0.104008      3.09638      7.00000
      11.6326    0.0957247      3.98584      7.00000
      11.6354    0.0797620      3.64945      7.00000
      11.6386    0.0643829      2.48595      7.00000
      11.6413    0.0568088      2.89349      7.00000
      11.6441    0.0611087      3.45586      7.00000
      11.6474    0.0726290      3.69392      7.00000
      11.6501    0.0833079      2.78638      7.00000
      11.6528    0.0848587      3.20297      7.00000
      11.6561    0.0743105      2.72103      7.00000
      11.6589    0.0557509      3.13506      7.00000
      11.6616    0.0388003      3.08267      7.00000
      11.6646    0.0321689      2.95112      7.00000
      11.6676    0.0372671      2.77609      7.00000
      11.6704    0.0500803      3.23018      7.00000
      11.6731    0.0617910      3.45529      7.00000
      11.6764    0.0640480      3.12495      7.00000
      11.6791    0.0541923      3.72174      7.00000
      11.6819    0.0372972      3.96886      7.00000
      11.6852    0.0221463      3.18329      7.00000
      11.6879    0.0159358      2.68556      7.00000
      11.6907    0.0221644      3.22007      7.00000
      11.6939    0.0350473      2.09357      7.00000
      11.6967    0.0456278      2.14268      7.00000
      11.6994    0.0450948      2.87184      7.00000
      11.7027    0.0332096      3.06136      7.00000
      11.7055    0.0145592      2.53353      7.00000
      11.7082  -0.00134440      2.70351      7.00000
      11.7115  -0.00603938      2.54464      7.00000
      11.7142   0.00320857      2.12495      7.00000
      11.7170    0.0200301      2.55111      7.00000
      11.7203    0.0332946      2.63543      7.00000
      11.7230    0.0353531      2.54269      7.00000
      11.7258    0.0247882      2.88244      7.00000
      11.7291   0.00764953      2.15738      7.00000
      11.7318  -0.00788331      1.73330      7.00000
      11.7346   -0.0121916      1.78121      7.00000
      11.7379  -0.00373383      2.45771      7.00000
      11.7406    0.0117735      3.16700      7.00000
      11.7436    0.0239597      1.97338      7.00000
      11.7466    0.0272040      1.75552      7.00000
      11.7494    0.0199011      2.37277      7.00000
      11.7527   0.00700281      2.16081      7.00000
      11.7554  -0.00287388      2.20084      7.00000
      11.7582  -0.00174018      2.12108      7.00000
      11.7615    0.0108998      2.40956      7.00000
      11.7642    0.0301024      3.00697      7.00000
      11.7670    0.0475023      2.84073      7.00000
      11.7703    0.0550580      1.95136      7.00000
      11.7730    0.0502293      2.75781      7.00000
      11.7758    0.0372916      3.44169      7.00000
      11.7791    0.0253759      2.47531      7.00000
      11.7818    0.0219835      3.53483      7.00000
      11.7846    0.0298901      3.48220      7.00000
      11.7879    0.0445900      3.45818      7.00000
      11.7906    0.0585346      3.16032      7.00000
      11.7936    0.0643161      2.89311      7.00000
      11.7967    0.0592833      2.93015      7.00000
      11.7994    0.0471384      4.58200      7.00000
      11.8027    0.0368609      3.17334      7.00000
      11.8055    0.0351240      2.65436      7.00000
      11.8082    0.0442526      4.64411      7.00000
      11.8115    0.0593444      4.81258      7.00000
      11.8143    0.0728534      3.94494      7.00000
      11.8170    0.0752227      4.08094      7.00000
      11.8203    0.0651115      4.49363      7.00000
      11.8231    0.0455516      3.41546      7.00000
      11.8261    0.0270640      2.14542      7.00000
      11.8291    0.0171948      3.19621      7.00000
      11.8319    0.0201292      2.96345      7.00000
