         239           4           3
Mon Jul 11 15:42:17 2005
classC_62.fits
    lambda (um)    Flux (Jy)   Sigma (Jy)    AOT ident.
      5.90083   0.00489399     0.491155      6.00000
      5.90378  0.000740732     0.491966      6.00000
      5.90674   -0.0212630     0.375896      6.00000
      5.90969   -0.0726841     0.231345      6.00000
      5.91265   -0.0136120     0.151230      6.00000
      5.91560    0.0369926     0.378805      6.00000
      5.91856    0.0385355     0.382553      6.00000
      5.92152   -0.0516362     0.440087      6.00000
      5.92448   -0.0539442     0.409170      6.00000
      5.92745   -0.0743631     0.407619      6.00000
      5.93041   -0.0264122     0.352119      6.00000
      5.93338   -0.0834760     0.274573      6.00000
      5.93634   -0.0494662     0.300744      6.00000
      5.93931   -0.0343020     0.385588      6.00000
      5.94228   0.00112465     0.479099      6.00000
      5.94525  -0.00562682     0.396791      6.00000
      5.94823   0.00541561     0.283223      6.00000
      5.95120    0.0513815     0.387018      6.00000
      5.95418    0.0158304     0.482325      6.00000
      5.95716  -0.00683817     0.228131      6.00000
      5.96014   -0.0745696     0.620058      6.00000
      5.96312    0.0141251     0.607106      6.00000
      5.96610    0.0132500     0.336325      6.00000
      5.96908    0.0657950     0.543328      6.00000
      5.97207  -0.00336949     0.667966      6.00000
      5.97506  -0.00111096     0.255033      6.00000
      5.97804   -0.0571403     0.352181      6.00000
      5.98103   -0.0574660     0.428189      6.00000
      5.98402   -0.0811956     0.256285      6.00000
      5.98702   -0.0724337     0.238958      6.00000
      5.99001   -0.0893365     0.252568      6.00000
      5.99301   -0.0868805     0.322344      6.00000
      5.99600    -0.105037     0.258389      6.00000
      5.99900   -0.0735705     0.256231      6.00000
      6.00200   -0.0181845     0.340084      6.00000
      6.00500    0.0367533     0.181639      6.00000
      6.00801    0.0568399     0.198222      6.00000
      6.01101    0.0405547     0.242034      6.00000
      6.01402    0.0459579     0.320084      6.00000
      6.01703    0.0523655     0.475668      6.00000
      6.02004    0.0834550     0.341324      6.00000
      6.02305    0.0690860     0.229355      6.00000
      6.02606    0.0263084     0.351657      6.00000
      6.02907  -0.00370502     0.291945      6.00000
      6.03209   -0.0454068     0.269312      6.00000
      6.03511    -0.111733     0.407794      6.00000
      6.03812    -0.139830     0.312933      6.00000
      6.04114    -0.122416     0.328071      6.00000
      6.04416   -0.0262794     0.470129      6.00000
      6.04719   -0.0914080     0.662806      6.00000
      6.05021   -0.0623936     0.458970      6.00000
      6.05324   -0.0201298     0.271433      6.00000
      6.05627     0.122980     0.379867      6.00000
      6.05929    0.0664231     0.340550      6.00000
      6.06232   -0.0588108     0.409788      6.00000
      6.06536    -0.136074     0.207174      6.00000
      6.06839    -0.143167     0.424611      6.00000
      6.07142    -0.124928     0.575254      6.00000
      6.07446    -0.102634     0.370870      6.00000
      6.07750   -0.0665570     0.544591      6.00000
      6.08054   -0.0464391     0.488310      6.00000
      6.08358   -0.0591088     0.315749      6.00000
      6.08662   -0.0580750     0.335079      6.00000
      6.08967    0.0299690     0.524140      6.00000
      6.09271    0.0831456     0.582707      6.00000
      6.09576     0.194767     0.644798      6.00000
      6.09881     0.233556     0.941347      6.00000
      6.10186     0.225508     0.848264      6.00000
      6.10491     0.189136     0.444385      6.00000
      6.10796    0.0888503     0.305842      6.00000
      6.11102    0.0347132     0.282684      6.00000
      6.11407   -0.0691507     0.429668      6.00000
      6.11713   -0.0627691     0.507917      6.00000
      6.12019   -0.0596432     0.533127      6.00000
      6.12325    0.0271845     0.234196      6.00000
      6.12631    0.0194029     0.338566      6.00000
      6.12938    0.0352280     0.429012      6.00000
      6.13244    0.0486132     0.496788      6.00000
      6.13551  -0.00625822     0.584657      6.00000
      6.13858   -0.0498949    0.0710503      6.00000
      6.14165    -0.126918     0.292034      6.00000
      6.14472   -0.0508662     0.279665      6.00000
      6.14779   -0.0125809     0.215401      6.00000
      6.15087    0.0190099     0.164945      6.00000
      6.15394    0.0457421     0.266846      6.00000
      6.15702    0.0694983     0.231300      6.00000
      6.16010    0.0928083     0.342034      6.00000
      6.16318    0.0813311     0.305808      6.00000
      6.16627     0.100582     0.312180      6.00000
      6.16935    0.0667137     0.387533      6.00000
      6.17243    0.0257735     0.262041      6.00000
      6.17552   0.00994693     0.361811      6.00000
      6.17861    0.0360312     0.639206      6.00000
      6.18170    0.0898360     0.580264      6.00000
      6.18479    0.0903554     0.321455      6.00000
      6.18788    0.0694244     0.186103      6.00000
      6.19098    0.0665019     0.186719      6.00000
      6.19408    0.0275337     0.272924      6.00000
      6.19717    0.0395498     0.522668      6.00000
      6.20027    0.0425775     0.505601      6.00000
      6.20337     0.104836     0.508496      6.00000
      6.20648     0.168132     0.480637      6.00000
      6.20958     0.214673     0.556007      6.00000
      6.21269     0.264399     0.529663      6.00000
      6.21579     0.250820     0.405718      6.00000
      6.21890     0.255123     0.491346      6.00000
      6.22201     0.267379     0.437498      6.00000
      6.22512     0.356433     0.476900      6.00000
      6.22824     0.390230     0.670236      6.00000
      6.23135     0.438313     0.676103      6.00000
      6.23447     0.432911     0.724263      6.00000
      6.23759     0.487958     0.751512      6.00000
      6.24071     0.450285     0.559830      6.00000
      6.24383     0.403135     0.464086      6.00000
      6.24695     0.366731     0.260277      6.00000
      6.25007     0.468922     0.334100      6.00000
      6.25320     0.600857     0.269183      6.00000
      6.25633     0.653999     0.323806      6.00000
      6.25946     0.649119     0.441834      6.00000
      6.26259     0.675363     0.408723      6.00000
      6.26572     0.736402     0.409484      6.00000
      6.26885     0.794825     0.465225      6.00000
      6.27199     0.750435     0.550971      6.00000
      6.27512     0.717861     0.483595      6.00000
      6.27826     0.695064     0.578786      6.00000
      6.28140     0.727191     0.753902      6.00000
      6.28454     0.775738     0.691701      6.00000
      6.28769     0.862071     0.716268      6.00000
      6.29083     0.935444     0.698437      6.00000
      6.29398      1.00000     0.370201      6.00000
      6.29713     0.983586     0.271505      6.00000
      6.30028     0.965314     0.455094      6.00000
      6.30343     0.952291     0.502849      6.00000
      6.30658     0.942849     0.461563      6.00000
      6.30973     0.900656     0.458971      6.00000
      6.31289     0.832410     0.392993      6.00000
      6.31605     0.787106     0.475116      6.00000
      6.31920     0.749902     0.508675      6.00000
      6.32236     0.689030     0.355901      6.00000
      6.32553     0.582001     0.370871      6.00000
      6.32869     0.472955     0.355756      6.00000
      6.33186     0.389767     0.345078      6.00000
      6.33502     0.396450     0.301759      6.00000
      6.33819     0.447707     0.486444      6.00000
      6.34136     0.499481     0.439842      6.00000
      6.34453     0.500519     0.287903      6.00000
      6.34770     0.540517     0.332231      6.00000
      6.35088     0.543689     0.454840      6.00000
      6.35406     0.511814     0.436168      6.00000
      6.35723     0.423160     0.258868      6.00000
      6.36041     0.324036     0.703328      6.00000
      6.36359     0.302085     0.712544      6.00000
      6.36678     0.244988     0.595634      6.00000
      6.36996     0.300322     0.677223      6.00000
      6.37315     0.293309     0.467512      6.00000
      6.37633     0.394847     0.346432      6.00000
      6.37952     0.456033     0.634721      6.00000
      6.38271     0.566332     0.628453      6.00000
      6.38591     0.533703     0.571469      6.00000
      6.38910     0.488216     0.506432      6.00000
      6.39229     0.382033     0.874954      6.00000
      6.39549     0.328877      1.37744      6.00000
      6.39869     0.280012     0.856936      6.00000
      6.40189     0.312614     0.440242      6.00000
      6.40509     0.361026     0.475350      6.00000
      6.40830     0.359540     0.502231      6.00000
      6.41150     0.351530     0.377088      6.00000
      6.41471     0.331218     0.524147      6.00000
      6.41791     0.366654     0.908407      6.00000
      6.42112     0.359425     0.625290      6.00000
      6.42434     0.351242     0.356642      6.00000
      6.42755     0.306325     0.323059      6.00000
      6.43076     0.276687     0.386964      6.00000
      6.43398     0.272995     0.516286      6.00000
      6.43720     0.251043     0.634177      6.00000
      6.44042     0.233851     0.723160      6.00000
      6.44364     0.208751     0.519697      6.00000
      6.44686     0.199159     0.666243      6.00000
      6.45008     0.187066     0.777266      6.00000
      6.45331     0.212065     0.663310      6.00000
      6.45654     0.233408     0.822631      6.00000
      6.45977     0.260906     0.572226      6.00000
      6.46300     0.237658     0.568557      6.00000
      6.46623     0.194842     0.595298      6.00000
      6.46946     0.164908     0.231690      6.00000
      6.47270     0.169971     0.136232      6.00000
      6.47594     0.188396     0.331084      6.00000
      6.47918     0.161931     0.393356      6.00000
      6.48242     0.155291     0.250295      6.00000
      6.48566     0.190703     0.352941      6.00000
      6.48890     0.247919     0.349259      6.00000
      6.49215     0.222083     0.312657      6.00000
      6.49539     0.170081     0.382633      6.00000
      6.49864     0.109146     0.214248      6.00000
      6.50189     0.112783     0.161828      6.00000
      6.50514     0.142320     0.176457      6.00000
      6.50840     0.156008     0.177112      6.00000
      6.51165     0.144562     0.126553      6.00000
      6.51491     0.123935     0.210879      6.00000
      6.51817     0.141420     0.294124      6.00000
      6.52143     0.150875     0.242735      6.00000
      6.52469     0.137215     0.271972      6.00000
      6.52795     0.128326     0.308262      6.00000
      6.53122    0.0928801     0.210058      6.00000
      6.53448    0.0900971     0.380135      6.00000
      6.53775    0.0640626     0.329994      6.00000
      6.54102    0.0772027     0.346989      6.00000
      6.54429     0.103072     0.280697      6.00000
      6.54757     0.153719     0.254988      6.00000
      6.55084     0.205561     0.163380      6.00000
      6.55412     0.184536     0.249821      6.00000
      6.55739     0.126497     0.205630      6.00000
      6.56067     0.135113     0.311412      6.00000
      6.56395     0.170557     0.271760      6.00000
      6.56724     0.159242     0.361324      6.00000
      6.57052    0.0766558     0.439826      6.00000
      6.57381   -0.0101002     0.470216      6.00000
      6.57710  -0.00554728     0.434939      6.00000
      6.58039    0.0438651     0.441721      6.00000
      6.58368    0.0825619     0.349840      6.00000
      6.58697    0.0598846     0.374015      6.00000
      6.59026    0.0272447     0.446613      6.00000
      6.59356    0.0180073     0.403782      6.00000
      6.59686    0.0323833     0.221068      6.00000
      6.60016    0.0675007     0.276582      6.00000
      6.60346    0.0759783     0.237546      6.00000
      6.60676    0.0789340     0.327987      6.00000
      6.61006    0.0221454     0.403343      6.00000
      6.61337    0.0348666     0.414029      6.00000
      6.61668    0.0764537     0.440088      6.00000
      6.61999     0.119816     0.503727      6.00000
      6.62330     0.144353     0.336799      6.00000
      6.62661     0.124503     0.194147      6.00000
      6.62992    0.0980263     0.520276      6.00000
      6.63324    0.0502967     0.453809      6.00000
      6.63656    0.0295977     0.320476      6.00000
      6.63988    0.0633525     0.254736      6.00000
      6.64320     0.164414     0.262175      6.00000
      6.64652     0.195452     0.398044      6.00000
