       5.9008598  -7.8984162e-05
       5.9026198   0.00052867437
       5.9039102   0.00099807998
       5.9052801    0.0010621520
       5.9070802   0.00070558561
       5.9083500   0.00049913279
       5.9097099  -9.9527200e-05
       5.9115300   7.0616001e-05
       5.9127698   0.00040994479
       5.9140601  -0.00013984800
       5.9159698   0.00099955996
       5.9172201    0.0013755759
       5.9184999   0.00046674157
       5.9204202   0.00036447040
       5.9216700    0.0013223760
       5.9229202   0.00085539995
       5.9248400  -0.00057133118
       5.9261198   0.00070104955
       5.9273701    0.0016871839
       5.9292898    0.0015737199
       5.9305701    0.0015227280
       5.9318199    0.0017156000
       5.9336400    0.0018398639
       5.9349999    0.0011461280
       5.9362702    0.0018057920
       5.9380798    0.0031888881
       5.9394498    0.0025115999
       5.9407401    0.0017560960
       5.9425201    0.0026688399
       5.9438100    0.0025863519
       5.9451699    0.0030950638
       5.9469800    0.0034346559
       5.9482598    0.0026644080
       5.9498601    0.0029420640
       5.9514399    0.0036725678
       5.9526901    0.0040764319
       5.9543099    0.0054844080
       5.9559002    0.0062914316
       5.9571600    0.0061765997
       5.9587598    0.0064542721
       5.9603601    0.0069055121
       5.9616098    0.0069553678
       5.9632101    0.0063736479
       5.9647999    0.0062492560
       5.9660802    0.0076062320
       5.9678898    0.0090862397
       5.9692602    0.0091941599
       5.9705501    0.0091916797
       5.9723401    0.0089802400
       5.9736300    0.0089675198
       5.9749899    0.0099630395
       5.9768100     0.010473760
       5.9780898     0.010613600
       5.9796901     0.010997280
       5.9812799     0.012253600
       5.9825401     0.011542639
       5.9841499     0.011202240
       5.9857502     0.013340640
       5.9870100     0.013154959
       5.9886498     0.012919839
       5.9902201     0.014337439
       5.9914699     0.014654239
       5.9933100     0.015148880
       5.9946699     0.016108240
       5.9959502     0.016683199
       5.9977698     0.017447120
       5.9991398     0.017687040
       6.0004301     0.017249679
       6.0022302     0.017694319
       6.0035200     0.018074159
       6.0051599     0.017478239
       6.0067101     0.018279759
       6.0079899     0.019079680
       6.0099201     0.017839839
       6.0111899     0.017802800
       6.0124502     0.017857840
       6.0143800     0.017171200
       6.0156598     0.017969039
       6.0169301     0.018484720
       6.0188498     0.017869759
       6.0201502     0.017456560
       6.0216699     0.017842559
       6.0232401     0.018029040
       6.0246100     0.018081840
       6.0264401     0.017894079
       6.0277200     0.017416240
       6.0290799     0.017432479
       6.0309300     0.017415679
       6.0321798     0.016580480
       6.0334802     0.016021679
       6.0353999     0.016627999
       6.0366702     0.017032079
       6.0382500     0.017387679
       6.0398898     0.016996159
       6.0411501     0.016351360
       6.0427599     0.015554880
       6.0443602     0.014073519
       6.0456400     0.014260800
       6.0474801     0.015200320
       6.0488400     0.015137679
       6.0501299     0.014443520
       6.0519500     0.013446960
       6.0532498     0.013645999
       6.0548902     0.013675600
       6.0564499     0.013624400
       6.0577302     0.013362400
       6.0596700     0.012574080
       6.0609298     0.012718160
       6.0622001     0.012453119
       6.0641398     0.011705440
       6.0654202     0.011268160
       6.0669899     0.010321200
       6.0686302    0.0096516798
       6.0699201     0.010732720
       6.0717502     0.011345280
       6.0730400     0.010986560
       6.0743999     0.010522640
       6.0762501     0.010197279
       6.0775299     0.010306880
       6.0791798     0.010287920
       6.0807400    0.0098937599
       6.0820098    0.0096801601
       6.0839500    0.0084052799
       6.0852399    0.0090232001
       6.0865102    0.0095326398
       6.0884399    0.0094535200
       6.0897398    0.0093094400
       6.0913000    0.0084153597
       6.0928702    0.0068387441
       6.0942302    0.0072534160
       6.0960798    0.0082296000
       6.0973701    0.0076955841
       6.0989699    0.0077285675
       6.1005802    0.0075064479
       6.1018500    0.0072779201
       6.1035099    0.0075554476
       6.1050801    0.0073418079
       6.1063600    0.0068523036
       6.1082902    0.0074535356
       6.1095901    0.0076446555
       6.1111398    0.0081607197
       6.1127200    0.0085380797
       6.1140800    0.0086569599
       6.1159401    0.0084448801
       6.1172299    0.0085999201
       6.1188302    0.0089931200
       6.1204500    0.0094040797
       6.1217198    0.0089153598
       6.1233702    0.0078915356
       6.1249399    0.0085929600
       6.1262102    0.0086741600
       6.1281600    0.0096091995
       6.1294699    0.0099457596
       6.1310301    0.0092513601
       6.1326098    0.0087633596
       6.1339598    0.0089761601
       6.1358299     0.010161040
       6.1371198     0.011032799
       6.1387501     0.011724879
       6.1403399     0.011406879
       6.1416202     0.011018400
       6.1435599     0.011261919
       6.1448498     0.012721120
       6.1464100     0.013874960
       6.1480699     0.013584079
       6.1493702     0.014011119
       6.1512198     0.015969599
       6.1525202     0.016288640
       6.1538701     0.017341439
       6.1557398     0.019922239
       6.1570401     0.019782719
       6.1586900     0.020364880
       6.1602602     0.021951920
       6.1615400     0.022356400
       6.1634798     0.023247919
       6.1647801     0.025571520
       6.1663699     0.026803920
       6.1680002     0.028370239
       6.1693001     0.029923679
       6.1711602     0.031489760
       6.1724601     0.031119038
       6.1741099     0.032232320
       6.1756802     0.034866559
       6.1769800     0.036514160
       6.1789198     0.038218559
       6.1802101     0.039494559
       6.1817999     0.039969920
       6.1834302     0.040095758
       6.1847301     0.042881760
       6.1866102     0.045779761
       6.1879601     0.045661277
       6.1895599     0.047363118
       6.1911201     0.048632478
       6.1927099     0.047807039
       6.1943698     0.050121440
       6.1956501     0.052642320
       6.1973000     0.052731279
       6.1989002     0.053210319
       6.2001801     0.055471119
       6.2020702     0.055470880
       6.2034101     0.056433281
       6.2050200     0.060385679
       6.2066002     0.060968641
       6.2082000     0.059930800
       6.2098298     0.060833520
       6.2111201     0.061714958
       6.2127800     0.062022079
       6.2143602     0.062644318
       6.2159400     0.062845038
       6.2175899     0.063805278
       6.2189002     0.065011600
       6.2207699     0.064738401
       6.2220802     0.065237678
       6.2237201     0.066054557
       6.2253098     0.065081438
       6.2266102     0.065620960
       6.2285500     0.067591036
       6.2298398     0.067887281
       6.2314501     0.069334401
       6.2330799     0.069387921
       6.2346601     0.067942398
       6.2362700     0.068644560
       6.2376199     0.068659919
       6.2395101     0.070348557
       6.2407999     0.073005436
       6.2424202     0.073252238
       6.2440500     0.072793678
       6.2453499     0.074574960
       6.2472801     0.074819597
       6.2485900     0.075029920
       6.2501898     0.075358637
       6.2517800     0.074309438
       6.2531300     0.074159520
       6.2550201     0.077910636
       6.2563300     0.079137996
       6.2579899     0.078559120
       6.2595701     0.077999037
       6.2611599     0.077579039
       6.2628102     0.077471836
       6.2641101     0.078428319
       6.2660098     0.079999998
       6.2673502     0.079178398
       6.2689700     0.078298557
       6.2705498     0.077995361
       6.2721601     0.078843997
       6.2737999     0.079499119
       6.2751002     0.078884638
       6.2770400     0.076453999
       6.2783499     0.075759357
       6.2799501     0.076457437
       6.2815499     0.076907919
       6.2831702     0.076917918
       6.2848001     0.076414960
       6.2860999     0.074584959
       6.2880502     0.072699679
       6.2893500     0.073175677
       6.2909598     0.073004559
       6.2925901     0.072539919
       6.2941799     0.072179440
       6.2958102     0.071216319
       6.2971401     0.069891280
       6.2990599     0.069674719
       6.3003602     0.068543280
       6.3019900     0.065175680
       6.3036098     0.064176477
       6.3051901     0.064780000
       6.3068500     0.065526398
       6.3081698     0.064862398
       6.3100700     0.062652238
       6.3113799     0.061810397
       6.3130202     0.059252480
       6.3146300     0.058565439
       6.3162298     0.058816317
       6.3178802     0.058352798
       6.3191900     0.057162479
       6.3211002     0.055127920
       6.3224401     0.053895277
       6.3240600     0.054123038
       6.3256602     0.053702239
       6.3272901     0.052407039
       6.3289199     0.052057518
       6.3302202     0.051006321
       6.3321700     0.048066081
       6.3334799     0.048080319
       6.3351102     0.048659681
       6.3367300     0.048893679
       6.3383398     0.047898959
       6.3399501     0.045838880
       6.3415599     0.043774399
       6.3432102     0.043713359
       6.3445201     0.043756641
       6.3464599     0.043753599
       6.3477802     0.042585119
       6.3494000     0.041452078
       6.3510098     0.040072240
       6.3526402     0.038554319
       6.3542600     0.039148399
       6.3558502     0.038621198
       6.3575201     0.037234160
       6.3588300     0.037041520
       6.3604898     0.036543199
       6.3620901     0.035502240
       6.3637199     0.034570319
       6.3653302     0.033172960
       6.3669500     0.032726719
       6.3685899     0.033694078
       6.3701701     0.033429360
       6.3718400     0.032462720
       6.3731599     0.032610640
       6.3750901     0.031075598
       6.3764100     0.030191039
       6.3780699     0.030678000
       6.3796701     0.030009360
       6.3812699     0.029630560
       6.3829198     0.029423439
       6.3845100     0.029704398
       6.3861699     0.029305200
       6.3874898     0.028522560
       6.3894300     0.027565119
       6.3907399     0.026903118
       6.3923998     0.025663518
       6.3940001     0.026026239
       6.3956299     0.027269840
       6.3972602     0.026433839
       6.3988700     0.025381441
       6.4005198     0.024683361
       6.4018402     0.024712638
       6.4037800     0.024701919
       6.4050999     0.023982319
       6.4067602     0.023924479
       6.4083600     0.023454558
       6.4099998     0.021511280
       6.4116201     0.020764238
       6.4132500     0.022253680
       6.4148798     0.022462320
       6.4164901     0.022197759
       6.4181399     0.020946240
       6.4197402     0.020533280
       6.4214001     0.021330480
       6.4229598     0.021984560
       6.4246802     0.022874240
       6.4259701     0.021507360
       6.4276400     0.019222320
       6.4292498     0.018640160
       6.4308901     0.018117519
       6.4325199     0.018911680
       6.4341402     0.019771679
       6.4357800     0.018760720
       6.4373999     0.017489199
       6.4390502     0.017667920
       6.4406400     0.017784800
       6.4423199     0.017555919
       6.4436402     0.017298560
       6.4453101     0.016601920
       6.4469099     0.016267119
       6.4485602     0.016341520
       6.4501700     0.015895840
       6.4518199     0.015875120
       6.4534402     0.015314799
       6.4550800     0.014535360
       6.4567199     0.014284479
       6.4583302     0.014884320
       6.4599800     0.014960479
       6.4615998     0.014554959
       6.4632602     0.014376239
       6.4648499     0.013341759
       6.4665399     0.013309200
       6.4678502     0.014511360
       6.4695301     0.015252159
       6.4711299     0.015123599
       6.4727898     0.014458320
       6.4744000     0.013840160
       6.4760599     0.013285600
       6.4776702     0.013587919
       6.4793100     0.013609680
       6.4809599     0.013106880
       6.4825802     0.012512880
       6.4842200     0.013141280
       6.4858499     0.013737039
       6.4875002     0.012817200
       6.4891100     0.012444640
       6.4907899     0.011547919
       6.4923801     0.011506560
       6.4940500     0.012083519
       6.4953899     0.012482000
       6.4973402     0.012097920
       6.4986501     0.011577040
       6.5003400     0.011127040
       6.5019398     0.011794719
       6.5036001     0.011727119
       6.5052299     0.012577519
       6.5068798     0.012417600
       6.5084901     0.011576800
       6.5101500     0.011265280
       6.5117798     0.011200400
       6.5134201     0.011483919
       6.5150700     0.011231360
       6.5166998     0.011507600
       6.5183401     0.011612720
       6.5199800     0.011330399
       6.5216298     0.010827200
       6.5232501     0.011360160
       6.5249200     0.011751920
       6.5265298     0.011922080
       6.5281901     0.011435519
       6.5298100     0.010991519
       6.5314898     0.010567920
       6.5330901     0.011205280
       6.5347800     0.012416720
       6.5361099     0.012111760
       6.5380402     0.010447200
       6.5393801     0.010129440
       6.5410700    0.0095370398
       6.5426698    0.0097930399
       6.5443602     0.010535040
       6.5459800     0.010054960
       6.5476398    0.0099339197
       6.5492501     0.010318080
       6.5509300     0.010068639
       6.5525398     0.010132000
       6.5542102     0.010093760
       6.5558500    0.0096299998
       6.5574899     0.010020000
       6.5591202     0.010676560
       6.5607901     0.010583440
       6.5624099     0.010626720
       6.5640702     0.010047840
       6.5657301    0.0095568798
       6.5673599     0.010399199
       6.5689902    0.0099441598
       6.5706601    0.0099655996
       6.5722899     0.010048079
       6.5739498    0.0099995200
       6.5756102    0.0098432795
       6.5772400    0.0093225596
       6.5788698    0.0087339197
       6.5805302    0.0091629598
       6.5821800    0.0098876796
       6.5838299     0.010546160
       6.5854998     0.010140080
       6.5871201    0.0093453596
       6.5887599    0.0096920798
       6.5904198    0.0088231198
       6.5920701    0.0088817600
       6.5937099    0.0091541598
       6.5953898    0.0083710400
       6.5970101    0.0087375997
       6.5986600    0.0091545598
       6.6003199    0.0090855996
       6.6019602    0.0097731201
       6.6036100    0.0090281598
       6.6052899    0.0089705596
       6.6069102    0.0097897599
       6.6085601    0.0091378401
       6.6102200    0.0095423196
       6.6118698     0.010145600
       6.6135201    0.0088242398
       6.6152000    0.0086376796
       6.6164899    0.0093603198
       6.6183400    0.0088286398
       6.6203198    0.0086084000
       6.6217699    0.0090976797
       6.6234298    0.0099357597
       6.6251101    0.0093085597
       6.6267400    0.0082195995
       6.6283798    0.0087958399
       6.6300502    0.0086558400
       6.6316900    0.0077477918
       6.6333599    0.0084033601
       6.6350298    0.0080859200
       6.6366601    0.0072003357
       6.6382899    0.0078039036
       6.6399798    0.0077592800
       6.6416101    0.0082819996
       6.6432900    0.0084148798
       6.6449499    0.0077785758
       6.6465998    0.0080223201
       6.6482201    0.0079820560
       7.1495900       0.0000000
       7.1514902       0.0000000
       7.1531501       0.0000000
       7.1550102       0.0000000
       7.1568599       0.0000000
       7.1585202       0.0000000
       7.1604300       0.0000000
       7.1621199       0.0000000
       7.1638598       0.0000000
       7.1658602       0.0000000
       7.1674199       0.0000000
       7.1692901       0.0000000
       7.1711898       0.0000000
       7.1727800       0.0000000
       7.1747198       0.0000000
       7.1765800       0.0000000
       7.1782398       0.0000000
       7.1801500       0.0000000
       7.1818399       0.0000000
       7.1835799       0.0000000
       7.1855898       0.0000000
       7.1873202       0.0000000
       7.1890302       0.0000000
       7.1909299       0.0000000
       7.1925998       0.0000000
       7.1944599       0.0000000
       7.1963201       0.0000000
       7.1979899       0.0000000
       7.1999002       0.0000000
       7.2016001       0.0000000
       7.2033401       0.0000000
       7.2053499       0.0000000
       7.2070899       0.0000000
       7.2087798       0.0000000
       7.2106900       0.0000000
       7.2123699       0.0000000
       7.2142301       0.0000000
       7.2161798       0.0000000
       7.2177701       0.0000000
       7.2196698       0.0000000
       7.2215500       0.0000000
       7.2231102       0.0000000
       7.2251301       0.0000000
       7.2268901       0.0000000
       7.2285600       0.0000000
       7.2304902       0.0000000
       7.2323499       0.0000000
       7.2340102       0.0000000
       7.2359900       0.0000000
       7.2380199       0.0000000
       7.2394700       0.0000000
       7.2414598       0.0000000
       7.2432098       0.0000000
       7.2449398       0.0000000
       7.2469201       0.0000000
       7.2483702       0.0000000
       7.2503200       0.0000000
       7.2523599       0.0000000
       7.2538300       0.0000000
       7.2558298       0.0000000
       7.2578402       0.0000000
       7.2592902       0.0000000
       7.2613101       0.0000000
       7.2633100       0.0000000
       7.2649498       0.0000000
       7.2668300       0.0000000
       7.2687702       0.0000000
       7.2704301       0.0000000
       7.2722101       0.0000000
       7.2742400       0.0000000
       7.2758002       0.0000000
       7.2776899       0.0000000
       7.2792902       0.0000000
       7.2811999       0.0000000
       7.2831602       0.0000000
       7.2848501       0.0000000
       7.2867098       0.0000000
       7.2886300       0.0000000
       7.2903399       0.0000000
       7.2920699       0.0000000
       7.2941098       0.0000000
       7.2958798       0.0000000
       7.2975502       0.0000000
       7.2994900       0.0000000
       7.3013701       0.0000000
       7.3030300       0.0000000
       7.3050199       0.0000000
       7.3070502       0.0000000
       7.3085098       0.0000000
       7.3105202       0.0000000
       7.3125401       0.0000000
       7.3141799       0.0000000
       7.3160701       0.0000000
       7.3180199       0.0000000
       7.3196802       0.0000000
       7.3214598       0.0000000
       7.3235102       0.0000000
       7.3250799       0.0000000
       7.3269601       0.0000000
       7.3288698       0.0000000
       7.3304901       0.0000000
       7.3324499       0.0000000
       7.3344102       0.0000000
       7.3360200       0.0000000
       7.3379402       0.0000000
       7.3398199       0.0000000
       7.3413901       0.0000000
       7.3434401       0.0000000
       7.3452301       0.0000000
       7.3468800       0.0000000
       7.3488498       0.0000000
       7.3507500       0.0000000
       7.3523798       0.0000000
       7.3544102       0.0000000
       7.3564200       0.0000000
       7.3578801       0.0000000
       7.3599300       0.0000000
       7.3619199       0.0000000
       7.3635998       0.0000000
       7.3654900       0.0000000
       7.3674202       0.0000000
       7.3691301       0.0000000
       7.3708701       0.0000000
       7.3729300       0.0000000
       7.3747101       0.0000000
       7.3763800       0.0000000
       7.3783398       0.0000000
       7.3802400       0.0000000
       7.3818798       0.0000000
       7.3839102       0.0000000
       7.3859301       0.0000000
       7.3874002       0.0000000
       7.3894501       0.0000000
       7.3914399       0.0000000
       7.3931198       0.0000000
       7.3950200       0.0000000
       7.3969498       0.0000000
       7.3986602       0.0000000
       7.4004102       0.0000000
       7.4024701       0.0000000
       7.4042602       0.0000000
       7.4059300       0.0000000
       7.4078898       0.0000000
       7.4098001       0.0000000
       7.4114399       0.0000000
       7.4134798       0.0000000
       7.4155002       0.0000000
       7.4169598       0.0000000
       7.4190302       0.0000000
       7.4210200       0.0000000
       7.4227200       0.0000000
       7.4246101       0.0000000
       7.4265399       0.0000000
       7.4283800       0.0000000
       7.4299998       0.0000000
       7.4320698       0.0000000
       7.4341402       0.0000000
       7.4358201       0.0000000
       7.4376602       0.0000000
       7.4395700       0.0000000
       7.4416499       0.0000000
       7.4433799       0.0000000
       7.4451098       0.0000000
       7.4470401       0.0000000
       7.4489498       0.0000000
       7.4506402       0.0000000
       7.4526401       0.0000000
       7.4547100       0.0000000
       7.4561701       0.0000000
       7.4582100       0.0000000
       7.4602399       0.0000000
       7.4619002       0.0000000
       7.4638200       0.0000000
       7.4657698       0.0000000
       7.4674702       0.0000000
       7.4692402       0.0000000
       7.4713202       0.0000000
       7.4731002       0.0000000
       7.4747801       0.0000000
       7.4767499       0.0000000
       7.4786701       0.0000000
       7.4803100       0.0000000
       7.4823699       0.0000000
       7.4843898       0.0000000
       7.4858599       0.0000000
       7.4880900       0.0000000
       7.4899302       0.0000000
       7.4917798       0.0000000
       7.4940000       0.0000000
       7.4954801       0.0000000
       7.4974999       0.0000000
       7.4995599       0.0000000
       7.5012002       0.0000000
       7.5031300       0.0000000
       7.5050998       0.0000000
       7.5067902       0.0000000
       7.5085602       0.0000000
       7.5106602       0.0000000
       7.5124402       0.0000000
       7.5141201       0.0000000
       7.5160999       0.0000000
       7.5180302       0.0000000
       7.5196700       0.0000000
       7.5217400       0.0000000
       7.5237598       0.0000000
       7.5255499       0.0000000
       7.5274801       0.0000000
       7.5293102       0.0000000
       7.5313101       0.0000000
       7.5333900       0.0000000
       7.5348701       0.0000000
       7.5369101       0.0000000
       7.5389600       0.0000000
       7.5406199       0.0000000
       7.5425601       0.0000000
       7.5445099       0.0000000
       7.5462298       0.0000000
       7.5479798       0.0000000
       7.5500898    0.0014946445
       7.5520201    0.0012730009
       7.5538602    0.0023465257
       7.5556998    0.0031594685
       7.5576301    0.0027939546
       7.5597301    0.0014240934
       7.5614901   0.00098295622
       7.5632100    0.0013565417
       7.5651698    0.0015777091
       7.5671101    0.0011736265
       7.5687699   0.00024862102
       7.5708299  -0.00032356129
       7.5728698   0.00050552650
       7.5746598    0.0013802406
       7.5765800    0.0017911277
       7.5784402   0.00051094556
       7.5804400  -0.00017076110
       7.5825300   0.00039324433
       7.5840101   0.00095192847
       7.5860600    0.0010528551
       7.5881100   0.00026347233
       7.5897899  -0.00020751771
       7.5917301   0.00015518473
       7.5936799    0.0012299811
       7.5954099    0.0016891584
       7.5974598    0.0010611024
       7.5994201   2.2209706e-05
       7.6012402  -1.7658324e-06
       7.6033702    0.0011048618
       7.6050501    0.0012739447
       7.6068201   0.00073090867
       7.6089501  -0.00099367924
       7.6107302   -0.0015536655
       7.6124201  -0.00065843245
       7.6144199   0.00035238247
       7.6163702   0.00064676792
       7.6183200  -0.00067121520
       7.6202402   -0.0013816406
       7.6221099  -0.00082472539
       7.6240702   0.00039123922
       7.6260200   0.00078195208
       7.6276898  -9.0878900e-06
       7.6297498  -0.00098403629
       7.6318002  -0.00050167271
       7.6336002   0.00070062769
       7.6355300   0.00097756774
       7.6373901  -2.0016817e-05
       7.6393399   -0.0013207933
       7.6415000  -0.00061006284
       7.6429901   0.00067364796
       7.6450601    0.0011137862
       7.6471000  -2.1284962e-05
       7.6487899   -0.0011421327
       7.6508598  -0.00038487920
       7.6526899   0.00093632876
       7.6546001    0.0011643048
       7.6568098  -9.3526943e-05
       7.6584601   -0.0010114213
       7.6604199  -0.00034284257
       7.6623998   0.00092248949
       7.6641202    0.0014191230
       7.6661801   0.00050926303
       7.6681399  -0.00043862653
       7.6699800  -0.00013260728
       7.6721201    0.0010332543
       7.6738000    0.0011326355
       7.6755900   0.00066707918
       7.6777301   1.9157446e-05
       7.6795201   7.6841814e-05
       7.6815000   0.00030959365
       7.6833401   0.00036008192
       7.6851802   0.00056830833
       7.6874499   0.00028858811
       7.6892099  -0.00010183703
       7.6909299  -0.00053316404
       7.6929202  -0.00076820267
       7.6948800  -0.00070009603
       7.6968398  -0.00067556616
       7.6987600  -0.00072592555
       7.7006502  -0.00055858892
       7.7026200  -0.00026849317
       7.7045898   2.1327213e-05
       7.7062602  -0.00019046602
       7.7083402  -0.00065996872
       7.7103901  -0.00034733577
       7.7122102   5.9452861e-05
       7.7141500   0.00068014134
       7.7160001   0.00034214938
       7.7180500  -2.2530436e-05
       7.7201300   0.00068556477
       7.7216201    0.0015901360
       7.7238498    0.0026854069
       7.7257500    0.0024808941
       7.7276502    0.0014158597
       7.7298698   0.00053287288
       7.7313700   0.00072790495
       7.7334499    0.0013276570
       7.7354898    0.0011737939
       7.7373600   0.00016127109
       7.7392998  -0.00048595584
       7.7411199   0.00011962004
       7.7431798    0.0014267564
       7.7452502    0.0020098723
       7.7469401   0.00048587391
       7.7490301  -0.00062739115
       7.7508702  -0.00024306557
       7.7528000    0.0014466572
       7.7550101    0.0018520442
       7.7566800   0.00094324873
       7.7586598  -0.00010362189
       7.7606301   0.00062807360
       7.7625399    0.0019450495
       7.7644601    0.0023095844
       7.7664299    0.0012253887
       7.7684102   0.00072007241
       7.7704000    0.0022017129
       7.7722802    0.0036845661
       7.7742100    0.0039782214
       7.7761898    0.0024016384
       7.7781601    0.0023169025
       7.7801700    0.0042958255
       7.7818799    0.0064542653
       7.7839599    0.0062559821
       7.7859502    0.0042787883
       7.7878098    0.0037763823
       7.7899399    0.0056625244
       7.7916498    0.0073028153
       7.7937298    0.0071089190
       7.7957201    0.0057050483
       7.7975798    0.0057227149
       7.7997198    0.0081200599
       7.8014202    0.0094654300
       7.8031998    0.0095047269
       7.8054900    0.0080317777
       7.8073502    0.0081989161
       7.8091998    0.0097365198
       7.8112001     0.011225078
       7.8129802     0.010981224
       7.8152800    0.0093731588
       7.8171301    0.0095020143
       7.8189802     0.011226901
       7.8209901     0.012650240
       7.8227701     0.012388090
       7.8250699     0.011350661
       7.8269200     0.012028961
       7.8287702     0.014017430
       7.8307800     0.015106723
       7.8325701     0.014754024
       7.8348598     0.014048999
       7.8367100     0.014977114
       7.8385701     0.016743093
       7.8405800     0.017629857
       7.8423700     0.017229116
       7.8446598     0.016255622
       7.8465199     0.016947974
       7.8483701     0.018524021
       7.8503799     0.019743024
       7.8521700     0.019594976
       7.8544698     0.019072900
       7.8563299     0.019524755
       7.8581800     0.020566968
       7.8601899     0.021201021
       7.8619800     0.021147191
       7.8642802     0.020735118
       7.8661499     0.020819160
       7.8680000     0.021696725
       7.8700099     0.022456561
       7.8717899     0.022759956
       7.8741002     0.022971830
       7.8759699     0.023444713
       7.8778200     0.024184138
       7.8798299     0.024745776
       7.8819199     0.025150152
       7.8839202     0.025317942
       7.8857999     0.026286595
       7.8879499     0.027643498
       7.8896599     0.028457082
       7.8917499     0.029147216
       7.8937502     0.029273137
       7.8956399     0.030508755
       7.8977799     0.031899496
       7.8994899     0.032831059
       7.9015899     0.033533461
       7.9035902     0.033654403
       7.9054899     0.033848585
       7.9076099     0.034581211
       7.9095101     0.035437292
       7.9114399     0.035990071
       7.9134302     0.036382145
       7.9154401     0.037034235
       7.9174399     0.038084970
       7.9193702     0.038739174
       7.9212899     0.039144473
       7.9232798     0.039277420
       7.9253898     0.039651358
       7.9272799     0.040108388
       7.9292402     0.040414292
       7.9314499     0.041274750
       7.9331398     0.041723332
       7.9352498     0.042403241
       7.9371200     0.043199782
       7.9391098     0.043794770
       7.9412899     0.045008588
       7.9431801     0.045563389
       7.9451199     0.046360158
       7.9469700     0.047510764
       7.9491801     0.048600802
       7.9511399     0.049277328
       7.9530702     0.049627557
       7.9553099     0.050518401
       7.9568300     0.051527259
       7.9590702     0.053102678
       7.9609900     0.054261454
       7.9629598     0.054720994
       7.9651899     0.055419014
       7.9670300     0.056814515
       7.9689498     0.058404943
       7.9708500     0.059149749
       7.9730401     0.059045020
       7.9750299     0.059649437
       7.9769201     0.061196357
       7.9790301     0.063042432
       7.9810300     0.063978805
       7.9829502     0.063847999
       7.9848900     0.063747150
       7.9870000     0.064366893
       7.9889202     0.065350001
       7.9909301     0.065929839
       7.9930401     0.065734696
       7.9947600     0.065772296
       7.9969101     0.066444498
       7.9988098     0.067621393
       8.0008402     0.068751715
       8.0029297     0.068794192
       8.0049696     0.068877854
       8.0068302     0.069742006
       8.0087004     0.070883787
       8.0111303     0.071855131
       8.0130301     0.071469899
       8.0148802     0.071891592
       8.0169096     0.072962059
       8.0190201     0.074245710
       8.0210400     0.074571231
       8.0229597     0.074372301
       8.0250797     0.075264774
       8.0270205     0.077087455
       8.0289402     0.078351620
       8.0309496     0.078079065
       8.0330696     0.077152708
       8.0349703     0.077677437
       8.0369701     0.079366344
       8.0391502     0.080478262
       8.0410700     0.079722889
       8.0430098     0.078248388
       8.0448599     0.078699726
       8.0471001     0.080143737
       8.0490398     0.081136136
       8.0511103     0.080498491
       8.0532198     0.079443671
       8.0551100     0.079553810
       8.0572395     0.080154246
       8.0592499     0.080440008
       8.0611696     0.079573792
       8.0631199     0.078577122
       8.0652399     0.078803541
       8.0671701     0.079781969
       8.0691996     0.080510479
       8.0713100     0.079776323
       8.0733500     0.078927212
       8.0752096     0.078986578
       8.0770998     0.079576982
       8.0795498     0.080219128
       8.0814505     0.079840106
       8.0833101     0.080201496
       8.0853395     0.081401399
       8.0874596     0.082399325
       8.0894899     0.082432847
       8.0915098     0.081086956
       8.0935402     0.080909502
       8.0955095     0.081801399
       8.0977402     0.082606398
       8.0996304     0.081956242
       8.1015797     0.080884815
       8.1034603     0.080821409
       8.1056805     0.081990443
       8.1076498     0.082414061
       8.1097097     0.081849993
       8.1118402     0.080906078
       8.1137400     0.081098447
       8.1158705     0.082018771
       8.1178904     0.082801640
       8.1198101     0.082546912
       8.1217699     0.081600580
       8.1239004     0.081934743
       8.1258402     0.083122901
       8.1279602     0.085317140
       8.1299696     0.085497364
       8.1320400     0.084410590
       8.1340904     0.084155618
       8.1361198     0.085063216
       8.1382504     0.086624665
       8.1401796     0.086972483
       8.1423302     0.087291343
       8.1442804     0.087842288
       8.1462002     0.088911808
       8.1482201     0.089640468
       8.1503601     0.089746385
       8.1522703     0.090375020
       8.1543999     0.091282504
       8.1564598     0.092647344
       8.1585302     0.093154681
       8.1606598     0.093756564
       8.1625700     0.094821435
       8.1647100     0.095979517
       8.1667299     0.096745906
       8.1686497     0.097262997
       8.1706104     0.097756249
       8.1727600     0.098846153
       8.1746902     0.099346620
       8.1768398     0.099896490
       8.1790600      0.10044109
       8.1809196      0.10111681
       8.1829300      0.10152526
       8.1851196      0.10139828
       8.1872702      0.10147115
       8.1891804      0.10212840
       8.1912203      0.10335260
       8.1932201      0.10358060
       8.1954298      0.10283064
       8.1973696      0.10275564
       8.1993103      0.10353982
       8.2014999      0.10607802
       8.2034397      0.10646454
       8.2053804      0.10612338
       8.2075901      0.10528896
       8.2095900      0.10594813
       8.2116404      0.10813793
       8.2136698      0.10929679
       8.2158003      0.10903242
       8.2178402      0.10809372
       8.2199097      0.10923207
       8.2219696      0.11224443
       8.2240200      0.11369975
       8.2261400      0.11247631
       8.2281799      0.11020138
       8.2302303      0.11132844
       8.2322397      0.11515823
       8.2344503      0.11712419
       8.2363997      0.11543955
       8.2383299      0.11274293
       8.2405396      0.11331653
       8.2424803      0.11712440
       8.2447300      0.11876399
       8.2466497      0.11639677
       8.2486296      0.11272952
       8.2507696      0.11290674
       8.2527304      0.11607981
       8.2548800      0.11783313
       8.2571201      0.11575823
       8.2589903      0.11322783
       8.2610397      0.11373852
       8.2631798      0.11712904
       8.2652302      0.11947008
       8.2672997      0.11742269
       8.2693100      0.11288932
       8.2714396      0.11056995
       8.2735300      0.11222794
       8.2756100      0.11447561
       8.2777395      0.11236210
       8.2797499      0.10941273
       8.2818203      0.10839529
       8.2838697      0.11068319
       8.2860098      0.11260233
       8.2880697      0.11123411
       8.2899399      0.10855655
       8.2921896      0.10684787
       8.2943401      0.10794031
       8.2963800      0.10936581
       8.2984505      0.10923029
       8.3004503      0.10719738
       8.3026695      0.10499381
       8.3046303      0.10471910
       8.3065701      0.10552107
       8.3087997      0.10559484
       8.3107405      0.10358671
       8.3129997      0.10072839
       8.3149204     0.099941833
       8.3172102      0.10125303
       8.3190603      0.10215802
       8.3210096      0.10071705
       8.3234997     0.096616511
       8.3254499     0.094676502
       8.3273096     0.095630938
       8.3296003     0.097627867
       8.3315201     0.097212140
       8.3337898     0.092995175
       8.3357296     0.090507542
       8.3379698     0.091467888
       8.3399000     0.093821683
       8.3421803     0.093957186
       8.3440905     0.090853420
       8.3463898     0.086775070
       8.3482504     0.087397909
       8.3502102     0.089694164
       8.3527403     0.090685012
       8.3546600     0.087119608
       8.3565102     0.083318338
       8.3588104     0.084055025
       8.3607302     0.087509353
       8.3630104     0.088158577
       8.3649502     0.084411113
       8.3671799     0.079563548
       8.3691301     0.079945037
       8.3714104     0.082970584
       8.3733301     0.083978574
       8.3756304     0.080674237
       8.3774900     0.077370352
       8.3797598     0.076651005
       8.3819399     0.078928270
       8.3839703     0.079855515
       8.3860703     0.077489370
       8.3881397     0.074001302
       8.3902998     0.072538703
       8.3922796     0.073630186
       8.3945303     0.075213054
       8.3964701     0.074400491
       8.3984098     0.071618219
       8.4006901     0.070611035
       8.4026098     0.068600922
       8.4049101     0.069714392
       8.4067802     0.072663852
       8.4090700     0.072755343
       8.4112196     0.070627676
       8.4132795     0.067407315
       8.4153404     0.066586851
       8.4174700     0.068547760
       8.4195700     0.069646578
       8.4216805     0.067653449
       8.4238100     0.064097587
       8.4258699     0.063092368
       8.4279299     0.065200287
       8.4300900     0.066341454
       8.4323797     0.064576382
       8.4342499     0.062521967
       8.4365597     0.062974998
       8.4384804     0.063661399
       8.4407701     0.062782777
       8.4427099     0.060120631
       8.4449797     0.058796104
       8.4469099     0.060677420
       8.4492102     0.062211708
       8.4511299     0.060613997
       8.4534502     0.057210844
       8.4553099     0.055817071
       8.4576101     0.057549718
       8.4597797     0.059091571
       8.4618397     0.057875761
       8.4639196     0.054225377
       8.4660301     0.052363487
       8.4681597     0.053323868
       8.4702597     0.055805932
       8.4723997     0.055779008
       8.4744596     0.053792950
       8.4765301     0.051645041
       8.4786901     0.051791733
       8.4809999     0.052925736
       8.4828701     0.052960596
       8.4851904     0.051436624
       8.4871101     0.048812656
       8.4894199     0.047924845
       8.4913502     0.049854809
       8.4936304     0.052830404
       8.4955597     0.054572295
       8.4978704     0.052138284
       8.4997902     0.049056142
       8.5021200     0.047752968
       8.5039902     0.050728519
       8.5063000     0.054852944
       8.5084400     0.055139008
       8.5105495     0.052184951
       8.5125799     0.050569821
       8.5147600     0.053382846
       8.5171404     0.057498523
       8.5190001     0.057601311
       8.5213900     0.054106927
       8.5232601     0.051998197
       8.5255604     0.053155210
       8.5277205     0.055389878
       8.5298100     0.056097583
       8.5319099     0.055051555
       8.5340300     0.053637462
       8.5361500     0.053916802
       8.5382700     0.054310797
       8.5403996     0.054384939
       8.5424900     0.053451418
       8.5445499     0.052741626
       8.5467396     0.052344213
       8.5491104     0.052581128
       8.5509195     0.052365560
       8.5533199     0.052189814
       8.5554895     0.051852228
       8.5575705     0.052477747
       8.5597401     0.051989874
       8.5618000     0.051295943
       8.5638905     0.051061205
       8.5660496     0.051482356
       8.5683804     0.053069678
       8.5702496     0.053485413
       8.5725899     0.054368104
       8.5745096     0.054336455
       8.5768900     0.053594600
       8.5787697     0.053442112
       8.5811300     0.054056577
       8.5832396     0.055925558
       8.5853901     0.056086760
       8.5877199     0.054291951
       8.5895901     0.053329339
       8.5919399     0.055154639
       8.5938597     0.058247331
       8.5962000     0.058958437
       8.5981197     0.056368322
       8.6004801     0.053152281
       8.6023703     0.053644652
       8.6047497     0.056618675
       8.6070900     0.058708274
       8.6089602     0.057196312
       8.6113100     0.054055437
       8.6132298     0.053782995
       8.6155701     0.056403889
       8.6175003     0.059492964
       8.6198597     0.059440393
       8.6217403     0.056748881
       8.6241302     0.053711644
       8.6264801     0.054091349
       8.6283503     0.056576728
       8.6307001     0.058992514
       8.6326199     0.058456397
       8.6350098     0.055895457
       8.6368999     0.053992778
       8.6392603     0.054645311
       8.6413898     0.057591888
       8.6435404     0.059271387
       8.6458797     0.058017068
       8.6477604     0.054688657
       8.6501198     0.054137626
       8.6520300     0.056776681
       8.6544399     0.059484319
       8.6563101     0.058929006
       8.6586905     0.055911396
       8.6608000     0.054776499
       8.6629696     0.055975077
       8.6653099     0.057933226
       8.6671896     0.058449016
       8.6695995     0.057505759
       8.6714697     0.056611097
       8.6738796     0.056511566
       8.6760502     0.056527164
       8.6781301     0.056691052
       8.6802301     0.056691268
       8.6824198     0.055885739
       8.6848097     0.054743167
       8.6866398     0.053840726
       8.6890697     0.054225166
       8.6912203     0.054793188
       8.6933498     0.054385531
       8.6954803     0.053518640
       8.6976004     0.052556927
       8.6999998     0.052923136
       8.7018900     0.052386968
       8.7042904     0.050939363
       8.7063904     0.049174478
       8.7085505     0.048912184
       8.7109804     0.050748285
       8.7128401     0.051263118
       8.7152700     0.050610644
       8.7171402     0.049309908
       8.7194996     0.049356974
       8.7216597     0.051090872
       8.7237902     0.051654282
       8.7261801     0.050361133
       8.7280598     0.048341047
       8.7305202     0.046774280
       8.7323904     0.046944238
       8.7347603     0.047233018
       8.7371397     0.048036537
       8.7390099     0.047109096
       8.7414703     0.045704624
       8.7433500     0.045230999
       8.7457399     0.047163611
       8.7478704     0.049549935
       8.7500401     0.048968398
       8.7524099     0.045076822
       8.7542801     0.041888994
       8.7567196     0.042131261
       8.7585802     0.044577406
       8.7610102     0.046268738
       8.7631598     0.043847733
       8.7652798     0.039567789
       8.7677002     0.037770397
       8.7695799     0.038626492
       8.7720003     0.039775591
       8.7741003     0.038165604
       8.7762804     0.034445594
       8.7787199     0.031781717
       8.7805700     0.031467335
       8.7829905     0.032874499
       8.7848797     0.033562312
       8.7872601     0.032343824
       8.7896900     0.029526215
       8.7915697     0.027961761
       8.7940102     0.028430364
       8.7959003     0.030181961
       8.7983198     0.030372908
       8.8007002     0.025616639
       8.8025799     0.024020519
       8.8050203     0.023426039
       8.8068800     0.023830799
       8.8093300     0.025196399
       8.8114700     0.025471560
       8.8136101     0.024366960
       8.8160295     0.022413600
       8.8179197     0.021183959
       8.8203402     0.021374400
       8.8227596     0.022370760
       8.8246403     0.023284800
       8.8271103     0.022589160
       8.8289804     0.021178679
       8.8313799     0.020221679
       8.8337803     0.020483039
       8.8356504     0.021000600
       8.8381205     0.020630999
       8.8400002     0.019077240
       8.8424196     0.017192400
       8.8445301     0.016381439
       8.8467302     0.016628399
       8.8491602     0.017192160
       8.8509903     0.017153999
       8.8534603     0.016056119
       8.8559103     0.014805480
       8.8577700     0.013553640
       8.8602200     0.013747560
       8.8621101     0.014283119
       8.8644896     0.014720279
       8.8669205     0.013996920
       8.8688202     0.012300600
       8.8712702     0.010544496
       8.8734102     0.010429452
       8.8755903     0.011475720
       8.8780298     0.012272639
       8.8798599     0.010856448
       8.8823299    0.0085601161
       8.8844805    0.0071066637
       8.8866501    0.0076959236
       8.8891096    0.0088940878
       8.8909502    0.0095044682
       8.8933802    0.0083866201
       8.8958302    0.0067175516
       8.8977098    0.0054826680
       8.9001703    0.0058349279
       8.9020500    0.0069496199
       8.9045000    0.0074350680
       8.9069405    0.0070180918
       8.9087696    0.0055436521
       8.9112396    0.0049770958
       8.9137096    0.0053214601
       8.9155703    0.0069845159
       8.9180403    0.0079578002
       8.9199104    0.0073585437
       8.9223204    0.0049980478
       8.9247999    0.0028573319
       8.9266500    0.0027320998
       8.9291201    0.0049346520
       8.9312601    0.0070386121
       8.9334497    0.0067887120
       8.9358902    0.0046957200
       8.9377298    0.0033291839
       8.9402103    0.0038990757
       8.9426804    0.0056461558
       8.9445400    0.0063936476
       8.9469995    0.0057582717
       8.9491501    0.0035649838
       8.9512901    0.0014897279
       8.9537802   0.00058788477
       8.9556599    0.0022414800
       8.9581003    0.0044727600
       8.9605598    0.0054120361
       8.9624395    0.0032506439
       8.9648895   0.00071712600
       8.9673405  -0.00015412920
       8.9692097    0.0017007000
       8.9717102    0.0042505801
       8.9735804    0.0052481638
       8.9760103    0.0035358600
       8.9784698   0.00083826479
       8.9803104  -0.00082467956
       8.9828100   0.00062666281
       8.9853096    0.0025077480
       8.9871302    0.0039200640
       8.9895897    0.0026304240
       8.9920597   0.00028462439
       8.9939404   -0.0017276880
       8.9964104   -0.0013309320
       8.9982901    0.0012794640
       9.0007601    0.0032633399
       9.0032101    0.0032225759
       9.0050497   0.00078887638
       9.0075397   -0.0012922560
       9.0100203   -0.0018258839
       9.0118904   0.00022158239
       9.0143604    0.0025410720
       9.0165195    0.0033232079
       9.0186596    0.0012780840
       9.0211697   -0.0014141999
       9.0230398   -0.0020438280
       9.0255003   0.00061311240
       9.0279598    0.0041298481
       9.0298500    0.0049474797
       9.0323095    0.0021756959
       9.0347996   -0.0011452344
       9.0366497   -0.0020318280
       9.0391502   4.0789797e-05
       9.0416098    0.0027181438
       9.0434599    0.0040275477
       9.0459404    0.0023880359
       9.0484400  -0.00026495519
       9.0502996   -0.0020532359
       9.0527802  -0.00080528518
       9.0549297    0.0015059280
       9.0570898    0.0021288359
       9.0595999   0.00048893518
       9.0614700   -0.0022667880
       9.0639400   -0.0032853960
       9.0664101   -0.0024618720
       9.0682898   0.00040638120
       9.0707598    0.0028164718
       9.0732498    0.0030015599
       9.0751104   0.00035581318
       9.0776100   -0.0025730399
       9.0800800   -0.0031067640
       9.0819197  -0.00081917640
       9.0844202    0.0020738520
       9.0869398    0.0028699920
       9.0887804   0.00071378039
       9.0912704   -0.0021650400
       9.0937405   -0.0029798519
       9.0955896  -0.00092072159
       9.0980997    0.0023976360
       9.1006098    0.0045278638
       9.1024504    0.0036951478
       9.1049204   0.00059583601
       9.1073799   -0.0014792399
       9.1092901  -0.00040205278
       9.1117802    0.0030099720
       9.1139898    0.0058356480
       9.1161499    0.0052090800
       9.1186199    0.0017874360
       9.1211004   -0.0011699460
       9.1229696   -0.0010272023
       9.1254902    0.0019372319
       9.1276598    0.0041572080
       9.1298199    0.0040684559
       9.1323099    0.0017785320
       9.1344995   -0.0012182519
       9.1366796   -0.0024242160
       9.1391802  -0.00055891557
       9.1413498    0.0027813000
       9.1435099    0.0046596000
       9.1460304    0.0028872240
       9.1482201  -0.00097256517
       9.1503801   -0.0031134000
       9.1528597   -0.0015571200
       9.1553802    0.0018827880
       9.1572304    0.0038765161
       9.1597404    0.0022306559
       9.1622200  -0.00098313955
       9.1641102   -0.0034285680
       9.1666002   -0.0026741520
       9.1690998  -0.00011777004
       9.1709499    0.0025515840
       9.1734800    0.0023890319
       9.1759596   0.00044808720
       9.1778097   -0.0020367720
       9.1803198   -0.0020639880
       9.1828499  -0.00017697719
       9.1846905    0.0024674159
       9.1871901    0.0031080478
       9.1896801    0.0019511041
       9.1915302  -0.00090135000
       9.1940603   -0.0019913759
       9.1965799   -0.0010020504
       9.1984196    0.0023862960
       9.2009096    0.0046024560
       9.2034302    0.0041103480
       9.2052898   0.00086479798
       9.2077999   -0.0013572960
       9.2102900  -0.00081488878
       9.2124701    0.0021246839
       9.2146702    0.0046463638
       9.2171803    0.0048923161
       9.2193899    0.0028855798
       9.2215595  -6.3167879e-05
       9.2240601   -0.0010212935
       9.2265701   0.00058171681
       9.2284298    0.0031367640
       9.2309599    0.0038942880
       9.2334499    0.0024448319
       9.2353001   7.6469882e-06
       9.2378197   -0.0014509440
       9.2403498  -0.00082787637
       9.2424898    0.0013594199
       9.2447004    0.0027545039
       9.2472095    0.0016971119
       9.2494097  -0.00097751753
       9.2516003   -0.0027702120
       9.2541103   -0.0025872959
       9.2563295  -0.00091350360
       9.2584600    0.0010141572
       9.2609997    0.0015195119
       9.2635202   0.00023590799
       9.2653704   -0.0018907801
       9.2678699   -0.0024296399
       9.2704000  -0.00080731439
       9.2725697    0.0016314600
       9.2747803    0.0027527640
       9.2772799    0.0012671879
       9.2798100  -0.00097614603
       9.2816696   -0.0019519199
       9.2841902  -0.00040058279
       9.2866898    0.0020357280
       9.2885799    0.0036743880
       9.2910900    0.0032040358
       9.2936096    0.0014070000
       9.2957802  -0.00037792559
       9.2980003  -0.00059221078
       9.3005104       0.0000000
       9.3030300       0.0000000
       9.3048801       0.0000000
       9.3074198       0.0000000
       9.3099298       0.0000000
       9.3117800       0.0000000
       9.3143101       0.0000000
       9.3168497       0.0000000
       9.3190403       0.0000000
       9.3212099       0.0000000
       9.3237400       0.0000000
       9.3262901       0.0000000
       9.3281298       0.0000000
       9.3306503       0.0000000
       9.3331699       0.0000000
       9.3353500       0.0000000
       9.3375702       0.0000000
       9.3400898       0.0000000
       9.3423204       0.0000000
       9.3444500       0.0000000
       9.3470097       0.0000000
       9.3495398       0.0000000
       9.3517199       0.0000000
       9.3539000       0.0000000
       9.3564501       0.0000000
       9.3589897       0.0000000
       9.3608303       0.0000000
       9.3633499       0.0000000
       9.3659000       0.0000000
       9.3680801       0.0000000
       9.3702803       0.0000000
       9.3727999       0.0000000
       9.3753500       0.0000000
       9.3772001       0.0000000
       9.3797398       0.0000000
       9.3822498       0.0000000
       9.3844805       0.0000000
       9.3866596       0.0000000
       9.3891897       0.0000000
       9.3917103       0.0000000
       9.3939199       0.0000000
       9.3961201       0.0000000
       9.3986502       0.0000000
       9.4011698       0.0000000
       9.4030600       0.0000000
       9.4055796       0.0000000
       9.4081202       0.0000000
       9.4103203       0.0000000
       9.4125204       0.0000000
       9.4150496       0.0000000
       9.4175901       0.0000000
       9.4197702       0.0000000
       9.4219904       0.0000000
       9.4245195       0.0000000
       9.4270601       0.0000000
       9.4289198       0.0000000
       9.4314699       0.0000000
       9.4339895       0.0000000
       9.4362202       0.0000000
       9.4383898       0.0000000
       9.4409399       0.0000000
       9.4434700       0.0000000
       9.4456902       0.0000000
       9.4478703       0.0000000
       9.4504299       0.0000000
       9.4529495       0.0000000
       9.4551601       0.0000000
       9.4573498       0.0000000
       9.4599104       0.0000000
       9.4624395       0.0000000
       9.4646397       0.0000000
       9.4668398       0.0000000
       9.4694004       0.0000000
       9.4719296       0.0000000
       9.4741096       0.0000000
       9.4763298       0.0000000
       9.4788904       0.0000000
       9.4811296       0.0000000
       9.4835997       0.0000000
       9.4858198       0.0000000
       9.4883804       0.0000000
       9.4906197       0.0000000
       9.4930897       0.0000000
       9.4953203       0.0000000
       10.639200    0.0016355359
       10.641800    0.0015384160
       10.644500    0.0011676720
       10.647100   0.00075310795
       10.649700   0.00055204398
       10.652700   0.00065224318
       10.655300   0.00090461595
       10.658000    0.0010726800
       10.660900    0.0010707360
       10.663600   0.00087180799
       10.666200   0.00061321600
       10.668800   0.00054734639
       10.671500   0.00083872801
       10.674100    0.0012979839
       10.676800    0.0016691599
       10.679400    0.0017833440
       10.682000    0.0015692639
       10.684700    0.0011199040
       10.687300   0.00072912878
       10.690000   0.00062633841
       10.692600   0.00071845277
       10.695300   0.00084331198
       10.697900   0.00089911995
       10.700600   0.00078587836
       10.703200   0.00051819279
       10.705800   0.00034258398
       10.708500   0.00040044240
       10.711400   0.00053828000
       10.714100   0.00065803519
       10.716700   0.00079769356
       10.719700   0.00087937599
       10.722300   0.00078582479
       10.725000   0.00069071917
       10.727600   0.00074542238
       10.730300   0.00093223197
       10.733000    0.0011901600
       10.735600    0.0015727760
       10.738200    0.0018594640
       10.740900    0.0019020080
       10.743500    0.0018055839
       10.746200    0.0017497760
       10.748800    0.0017265600
       10.751500    0.0017746640
       10.754100    0.0019320799
       10.757100    0.0021064719
       10.759700    0.0022026960
       10.762400    0.0022898000
       10.765300    0.0024600639
       10.768000    0.0026595601
       10.770600    0.0028668719
       10.773300    0.0030144318
       10.775900    0.0030360638
       10.778600    0.0030062639
       10.781200    0.0030365198
       10.783900    0.0031310561
       10.786500    0.0032920318
       10.789200    0.0034401440
       10.791800    0.0034163519
       10.794800    0.0031446400
       10.797400    0.0028169441
       10.800100    0.0025792640
       10.803100    0.0025200718
       10.805700    0.0026091119
       10.808400    0.0027983680
       10.811000    0.0027882081
       10.813700    0.0024632319
       10.816300    0.0020258559
       10.819000    0.0017102800
       10.821600    0.0016416239
       10.824300    0.0018701280
       10.827200    0.0022889919
       10.829900    0.0025178399
       10.832600    0.0024026319
       10.835500    0.0020107999
       10.838200    0.0015406480
       10.840800    0.0012299440
       10.843500    0.0012581840
       10.846100    0.0015922080
       10.848800    0.0018512560
       10.851500    0.0018046960
       10.854100    0.0014059280
       10.857100   0.00083566396
       10.859700   0.00036823197
       10.862400   0.00035553440
       10.865100   0.00071340716
       10.868000    0.0011395520
       10.870700    0.0013092799
       10.873300    0.0011309520
       10.876000   0.00063551596
       10.878700   0.00024941839
       10.881300   0.00038287520
       10.884200    0.0010633440
       10.886900    0.0018761999
       10.889600    0.0024965520
       10.892300    0.0026391759
       10.895200    0.0022535519
       10.897900    0.0017262800
       10.900500    0.0015770879
       10.903200    0.0020120239
       10.905900    0.0028005599
       10.908500    0.0035431998
       10.911500    0.0037904560
       10.914200    0.0033941119
       10.916800    0.0027452239
       10.919800    0.0024286240
       10.922500    0.0027335038
       10.925100    0.0036871120
       10.927800    0.0048748078
       10.930400    0.0056428556
       10.933100    0.0056117837
       10.936100    0.0050103598
       10.938700    0.0043021600
       10.941400    0.0039513438
       10.944400    0.0042296400
       10.947100    0.0050187438
       10.949700    0.0057807760
       10.952400    0.0059568958
       10.955000    0.0054291998
       10.957700    0.0044715520
       10.960700    0.0037774160
       10.963400    0.0038628318
       10.966000    0.0047972958
       10.969000    0.0061035280
       10.971700    0.0071859281
       10.974300    0.0074772881
       10.977000    0.0069647197
       10.979600    0.0062536799
       10.982600    0.0061331360
       10.985300    0.0069099276
       10.988000    0.0083673600
       10.990900    0.0099335996
       10.993600     0.010891440
       10.996300     0.010968640
       10.998900     0.010601600
       11.001900     0.010519680
       11.004600     0.011174479
       11.007300     0.012784400
       11.010300     0.014901600
       11.012900     0.016775840
       11.015600     0.017728960
       11.018200     0.017870639
       11.020900     0.017616080
       11.023900     0.017679760
       11.026600     0.018493520
       11.029300     0.020041520
       11.032200     0.021640720
       11.034900     0.022636239
       11.037600     0.022771279
       11.040200     0.022187280
       11.043200     0.021474239
       11.045900     0.021367840
       11.048600     0.022147519
       11.051500     0.023385679
       11.054200     0.024347279
       11.056900     0.024424400
       11.059800     0.023536879
       11.062500     0.022081921
       11.065200     0.020876159
       11.067900     0.020632720
       11.070900     0.021350960
       11.073500     0.022389121
       11.076200     0.022970480
       11.079200     0.022650880
       11.081900     0.021488320
       11.084600     0.020147841
       11.087500     0.019453680
       11.090200     0.019815039
       11.092900     0.020918319
       11.095800     0.022072160
       11.098500     0.022553279
       11.101200     0.021931920
       11.103900     0.020607919
       11.106900     0.019383120
       11.109600     0.018984960
       11.112200     0.019641840
       11.115200     0.021031439
       11.117900     0.022324080
       11.120600     0.022767679
       11.123600     0.022231841
       11.126200     0.021191599
       11.128900     0.020393281
       11.131900     0.020409040
       11.134600     0.021365199
       11.137300     0.022661840
       11.140300     0.023737120
       11.142900     0.024351201
       11.145900     0.024532959
       11.148600     0.024630720
       11.151300     0.025225520
       11.154000     0.026634080
       11.157000     0.028509359
       11.159600     0.030376958
       11.162600     0.031827840
       11.165300     0.032685999
       11.168000     0.033115598
       11.171000     0.033811359
       11.173700     0.035371119
       11.176300     0.037989599
       11.179300     0.041328558
       11.182000     0.044699120
       11.184700     0.047444238
       11.187700     0.049368638
       11.190400     0.050931677
       11.193300     0.052836241
       11.196100     0.055595277
       11.198800     0.059235281
       11.201700     0.063043040
       11.204400     0.066091197
       11.207400     0.067868718
       11.210100     0.068550800
       11.212800     0.068771361
       11.215500     0.069441436
       11.218500     0.070998157
       11.221100     0.073322237
       11.224100     0.075593756
       11.226800     0.076953438
       11.229500     0.077084878
       11.232500     0.076308158
       11.235200     0.075359600
       11.238200     0.075102719
       11.240900     0.075914000
       11.243600     0.077420719
       11.246600     0.078785918
       11.249200     0.079312556
       11.252200     0.078717516
       11.254900     0.077341917
       11.257700     0.075960158
       11.260600     0.075338557
       11.263300     0.075619996
       11.266300     0.076394556
       11.269000     0.076978877
       11.271700     0.076819118
       11.274700     0.075731199
       11.277600     0.074099119
       11.280400     0.072444638
       11.283100     0.071424559
       11.286100     0.071274799
       11.288700     0.071573919
       11.291700     0.071376079
       11.294400     0.070329998
       11.297100     0.068440398
       11.300100     0.066129597
       11.302800     0.064101680
       11.305800     0.063154639
       11.308500     0.063205436
       11.311200     0.063567918
       11.314200     0.063454960
       11.317200     0.062448958
       11.319900     0.060613917
       11.322600     0.058591441
       11.325600     0.057101840
       11.328300     0.056479281
       11.331300     0.056525677
       11.334000     0.056672958
       11.336700     0.056258558
       11.339700     0.054916080
       11.342700     0.052930321
       11.345400     0.050899118
       11.348100     0.049359998
       11.351100     0.048619837
       11.354100     0.048494638
       11.356800     0.048328399
       11.359500     0.047589439
       11.362500     0.046080398
       11.365200     0.044015678
       11.368200     0.041916799
       11.370900     0.040364880
       11.373600     0.039658078
       11.376600     0.039544720
       11.379600     0.039413518
       11.382300     0.038799199
       11.385000     0.037507519
       11.388000     0.035743438
       11.391000     0.034095599
       11.393700     0.033175840
       11.396400     0.033099598
       11.399400     0.033450560
       11.402400     0.033587438
       11.405100     0.033014719
       11.407800     0.031635920
       11.410800     0.029834959
       11.413800     0.028337120
       11.416500     0.027723519
       11.419200     0.028056080
       11.422200     0.028752639
       11.425200     0.029088079
       11.427900     0.028664800
       11.430700     0.027510080
       11.433700     0.026107120
       11.436600     0.025244240
       11.439400     0.025330400
       11.442100     0.026099119
       11.445100     0.026855120
       11.448100     0.027004399
       11.450800     0.026219599
       11.453500     0.024802079
       11.456500     0.023483519
       11.459500     0.022916479
       11.462200     0.023225519
       11.464900     0.024081120
       11.467900     0.024833440
       11.470900     0.024811520
       11.473700     0.023906478
       11.476400     0.022461919
       11.479600     0.021094560
       11.482400     0.020355360
       11.485100     0.020474400
       11.488100     0.021198561
       11.491100     0.021833438
       11.493800     0.021772320
       11.496500     0.020757679
       11.499500     0.019087120
       11.502500     0.017465039
       11.505200     0.016564320
       11.508000     0.016563840
       11.511300     0.017123440
       11.514000     0.017541040
       11.516700     0.017070480
       11.519700     0.015596480
       11.522700     0.013708080
       11.525400     0.012203359
       11.528200     0.011635999
       11.531400     0.012077120
       11.534200     0.012996560
       11.536900     0.013557280
       11.539900     0.013205039
       11.542900     0.012051440
       11.545600     0.010553760
       11.548400    0.0093766395
       11.551600    0.0090372799
       11.554400    0.0095211200
       11.557100     0.010273040
       11.560100     0.010647520
       11.563100     0.010247520
       11.565900    0.0091501598
       11.568600    0.0079335360
       11.571900    0.0072508798
       11.574600    0.0074331598
       11.577300    0.0083696000
       11.580300    0.0094410399
       11.583300    0.0098504797
       11.586100    0.0093064801
       11.588800    0.0081503997
       11.592100    0.0071231519
       11.594800    0.0067914878
       11.597600    0.0074996798
       11.600800    0.0087886397
       11.603600    0.0099142400
       11.606300     0.010160240
       11.609600    0.0093904797
       11.612300    0.0079572878
       11.615100    0.0066296397
       11.618100    0.0059973280
       11.621100    0.0062660240
       11.623800    0.0071714799
       11.626500    0.0080865596
       11.629800    0.0083206395
       11.632600    0.0076579760
       11.635400    0.0063809596
       11.638600    0.0051506321
       11.641300    0.0045447039
       11.644100    0.0048886960
       11.647400    0.0058103197
       11.650100    0.0066646318
       11.652800    0.0067886959
       11.656100    0.0059448396
       11.658900    0.0044600718
       11.661600    0.0031040239
       11.664600    0.0025735118
       11.667600    0.0029813679
       11.670400    0.0040064239
       11.673100    0.0049432798
       11.676400    0.0051238399
       11.679100    0.0043353840
       11.681900    0.0029837760
       11.685200    0.0017717039
       11.687900    0.0012748639
       11.690700    0.0017731520
       11.693900    0.0028037840
       11.696700    0.0036502238
       11.699400    0.0036075839
       11.702700    0.0026567679
       11.705500    0.0011647360
       11.708200  -0.00010755200
       11.711500  -0.00048315040
       11.714200   0.00025668559
       11.717000    0.0016024080
       11.720300    0.0026635679
       11.723000    0.0028282481
       11.725800    0.0019830560
       11.729100   0.00061196240
       11.731800  -0.00063066481
       11.734600  -0.00097532799
       11.737900  -0.00029870640
       11.740600   0.00094187995
       11.743600    0.0019167760
       11.746600    0.0021763199
       11.749400    0.0015920880
       11.752700   0.00056022479
       11.755400  -0.00022991040
       11.758200  -0.00013921439
       11.761500   0.00087198397
       11.764200    0.0024081920
       11.767000    0.0038001840
       11.770300    0.0044046398
       11.773000    0.0040183439
       11.775800    0.0029833280
       11.779100    0.0020300720
       11.781800    0.0017586800
       11.784600    0.0023912079
       11.787900    0.0035671999
       11.790600    0.0046827679
       11.793600    0.0051452880
       11.796700    0.0047426640
       11.799400    0.0037710719
       11.802700    0.0029488721
       11.805500    0.0028099200
       11.808200    0.0035402080
       11.811500    0.0047475519
       11.814300    0.0058282720
       11.817000    0.0060178159
       11.820300    0.0052089201
       11.823100    0.0036441281
       11.826100    0.0021651199
       11.829100    0.0013755840
       11.831900    0.0016103360
       11.855560    0.0063641322
       11.916040     0.011711088
       11.976530    0.0073260099
       12.037010    0.0010476025
       12.097500    0.0014419908
       12.157980    0.0019144959
       12.218460    0.0037024191
       12.278950    0.0062884612
       12.339430     0.014843057
       12.399910     0.019444341
       12.460400     0.020683406
       12.520880     0.025690097
       12.581360     0.032148935
       12.641851     0.034883629
       12.702330     0.040501201
       12.762810     0.046185657
       12.823300     0.030621650
       12.883779    0.0095670853
       12.944270   -0.0024163104
       13.004750   -0.0050598777
       13.065230   -0.0069564113
       13.125720       0.0000000
       13.186200       0.0000000
       13.246680       0.0000000
       13.307170       0.0000000
       13.367650       0.0000000
       13.428130       0.0000000
       13.488620       0.0000000
       13.549100       0.0000000
       13.609590       0.0000000
       13.670070       0.0000000
       13.730550       0.0000000
       13.791040       0.0000000
       13.851520       0.0000000
       13.912000       0.0000000
       13.972490       0.0000000
